217076
101912
178339
515047
178054
65424
208518
467107
1
409444
83491
6683
301073
1
370993
278402
21054
6
516790
956044
516790
101414
305627
591398
776416
402460
97097
257341
807744
896039
305104
189370
599285
24
650760
35689
540957
109584
701101
572511
368440
595475
209851
87719
607405
222546
26569
435290
755158
758813
718997
870606
368440
6
720
855587
149907
257091
473656
582207
234711
222546
545520
1764
4990
1764
725200
545520
63887
214345
202297
754559
933445
896459
77642
953351
337665
2
959842
432478
607244
758813
4990
49565
83491
937953
216688
634057
886819
398042
306058
456600
599893
1
41875
855810
298677
345884
189370
124309
757514
834788
187596
45540
1764
3
710660
411586
335931
413308
937623
546215
779811
145639
184846
40289
4990
223439
398042
245659
410987
718997
536470
701660
719859
371668
772269
824730
914317
174029
313258
21694
758813
663119
323090
426532
3
283533
424668
50403
607405
977218
46052
933445
50
799646
767310
427104
64218
757886
258101
1
1
757886
510469
409444
1
163922
335931
620426
257091
959842
817168
610905
593075
178682
369254
286995
266596
263663
927420
281325
870606
141700
266596
867592
143284
489848
208518
178682
109584
542856
83491
567762
405652
1624
754559
3
498432
573620
151658
720385
704351
799646
217076
772269
755158
125483
208518
652985
122815
727700
572511
817168
52746
69506
473656
278402
422734
251720
129195
582207
827238
281325
63824
807744
650156
933445
998254
435290
331093
667396
1960
83493
254765
779811
278402
914498
80776
109584
174793
179272
66806
429253
416099
432165
478661
325148
701974
205087
480653
223439
50403
804779
237137
159436
304419
24
314771
487548
853354
369254
776416
494943
187596
172693
49565
998563
18150
342541
81954
341525
914378
161159
79663
456778
202940
41875
178339
969193
335931
3833
758813
720385
303960
177886
330949
445619
305104
675112
753492
2
704351
873711
111432
829537
175
263663
305104
915627
17718
548372
101414
649454
754559
530884
35
111432
24
798710
307019
898391
297771
50403
912541
316419
764063
251720
1624
696673
10
74898
97657
393105
840072
190414
556545
498432
784914
933445
701660
946879
735
52746
772269
543000
266596
1
631160
536470
335027
305104
371668
856076
510469
510469
735
114789
1
543000
67019
642390
315062
118124
977218
52746
847077
207408
542856
416099
937541
873711
118501
896039
488584
35
909947
130210
147320
253257
718625
46052
263663
575162
87719
534446
67019
764643
543338
422734
64218
179272
190414
868185
222546
467107
720597
240352
628570
432478
489848
13132
641057
662660
701660
335931
370480
335027
313717
305627
18560
473656
998563
572511
225
445345
1764
112047
685038
1764
1764
914317
882911
696673
956044
226055
315062
402270
87719
815122
87719
375057
576404
261951
44907
401071
741651
727700
341525
534283
834788
261951
225
856076
866650
764063
384351
178682
1960
425562
305104
749007
61166
515047
895560
870606
753492
330949
307621
598879
305104
6
523242
226055
530884
815122
216688
789678
4091
780581
178339
222546
627010
313258
208518
821943
548372
314771
835258
966922
966922
926082
930784
500302
314771
639739
1
120
35689
87719
896459
311089
460433
217076
685038
5040
109584
607405
1
373925
760428
1
573620
718625
840623
67019
393105
491618
50
631388
213139
137142
515047
179272
556545
69506
926082
402460
366943
174406
413308
804779
85
393105
496789
240352
522377
757886
778242
567762
550564
202237
341525
935584
488584
783187
416099
873711
498432
251720
72563
409444
543338
473656
263663
467161
4990
864664
303960
496789
613118
283651
299777
418673
184086
251720
914378
379264
634057
627676
371668
369557
829645
456600
425777
909947
234122
827238
133308
2
225
534446
410397
63824
914378
22449
311089
628779
800018
802545
718625
895560
909947
281325
720385
634404
469916
500302
749007
3
172693
754559
114789
296381
122815
772881
266596
1
429499
172693
853354
933445
172693
896459
449495
933445
727700
500302
543338
80776
462676
500302
901209
130210
413308
323090
129195
58981
995415
670654
693071
69506
522377
425562
190793
126418
674337
856076
659692
274
628779
718625
846549
187596
445619
270020
324418
207408
5040
173290
946879
702406
488584
933445
478661
627010
1
298677
125483
499351
101094
369576
354826
283533
101912
58981
172693
208972
725117
956044
851139
67284
49565
58981
68708
11
411309
109584
269536
164504
772212
41151
704351
302112
369576
476641
977218
345884
426532
944908
282239
1
599893
263663
627010
974413
595011
723680
943360
266596
277994
277994
1
50
213139
203324
923244
10
217076
83493
937953
56182
515047
565283
1624
718625
306058
35689
134365
680961
487548
992554
186847
673844
11
2
101094
545520
307621
217076
673734
725117
473656
607244
799646
126418
202297
757226
190793
924335
393814
190793
546035
851139
317359
870606
841290
112047
599285
488482
315062
331093
304419
410141
416099
705824
213139
354826
141405
6
10
1
675061
667396
659692
52746
755953
610905
1624
474957
776416
719859
607244
161159
701660
966922
1
240352
161781
124309
820709
13132
50
366943
269325
299917
109584
1
677846
484004
266596
847077
758813
959842
111432
532327
125483
754559
739907
641057
298677
118124
801619
324418
263663
50
54020
393814
727700
613118
282239
821943
97097
402681
467107
741559
510469
514774
799838
1
546035
258101
290145
432165
978431
488584
904653
145029
375714
784305
21054
938972
545520
616772
515047
943966
258101
650156
943360
667396
223439
838601
223439
764063
1
445619
581030
992269
81954
741559
85
821943
664211
252392
366299
208518
914498
257974
607244
77642
211707
891024
754559
56182
302359
62886
543000
30030
261951
827238
322
17718
475194
137142
147320
379264
1
546035
298677
773343
202237
487640
599285
473656
598879
303960
488482
257091
870606
172693
172693
120
898391
399035
522377
610905
982896
188807
109584
723680
234122
310119
362880
311089
745183
410987
981651
278402
263663
631160
467107
269536
723680
864664
314771
864664
1
916527
757886
800018
454302
818240
305627
901209
543000
8872
178339
641057
914498
956044
50003
305104
1
101094
545520
818240
21054
349714
217076
63273
916926
664211
504407
306058
69506
375714
398192
1
445619
1764
335931
799838
667899
516422
188999
745183
133793
789678
702406
120
592770
130210
641567
383921
678552
146550
380219
926082
943360
952909
402270
760437
41875
2
710660
904653
428549
124309
673844
916926
827238
350784
924335
308009
599893
7877
718997
805949
543338
394789
354826
297771
669833
673485
87719
901209
418673
1960
943966
141229
416099
1
149907
805949
172693
66806
179272
21054
450283
415694
827238
282239
808014
316419
270020
997658
21694
217076
746141
676681
592770
678582
597545
61166
641057
393105
151658
607244
330949
24
