536470
114789
0
720
398042
217076
432478
0
161781
257974
0
3
718625
0
337665
0
0
607244
804924
0
133793
78439
0
0
1
857077
0
1
452015
1
0
454302
1
516422
0
0
1
258101
261951
1
10
1
1
0
0
274
1
1
0
6
0
0
736262
0
305104
257974
6
307621
736262
1
710660
2
452015
0
104314
937541
0
0
6
65424
1
1
0
1
790627
915627
771255
742157
5040
0
650156
178682
0
6
0
427104
104314
0
0
13132
539599
1
956044
1
120
0
0
202297
952909
172693
1
977218
1
1
0
1
1
727700
627676
1
0
0
0
1
0
0
1
0
50
0
13068
759858
1
225
1
593075
161781
628570
1
799838
209851
522377
1
628570
0
1
202297
80776
1
207408
306058
0
126418
1
21054
118501
97097
68708
1
543000
1
519361
65424
956044
109584
1
72563
673331
2
1
1
943966
1
0
416099
0
530884
0
0
799646
263663
1
0
0
2
1
6
1
1624
516422
50
0
122815
2
1
0
543000
0
0
179272
1
3
1
997658
22449
778242
1
1
35
1
3833
335931
550564
0
1
1
6
1
104314
104314
800018
6
0
678552
454302
0
675061
257341
1
628779
370480
778242
0
1
0
35
0
26569
234122
0
314771
0
0
0
530884
307621
1
274
1
914317
1
628779
595011
0
530884
0
202940
0
11
0
1764
0
2
627676
1
114789
258101
914317
515047
0
0
1
0
0
1
0
1
77642
0
258101
1
1
1
0
546035
283651
409444
896459
0
1
1
366299
753492
126418
926082
1
1
1
1
202237
805949
0
723680
11
496789
0
0
634404
0
1
1
0
331093
1624
515047
6
673331
1
1
808014
565283
0
914498
2
813015
0
0
653399
202237
3
1
143284
1
1
955985
1
186847
817168
286995
41875
5040
799646
1
915627
1
663119
0
1
0
35
673734
498432
1
1
0
208518
638019
1
675061
1
1
0
961396
202940
1
1
257974
504340
1
172693
0
3
997658
1
257341
3
0
736262
0
1
0
1
179272
0
40320
0
222546
22449
0
1
1
1
118124
2
604819
1
11
0
1
0
0
202237
460076
0
1
104314
11
0
673331
1
261951
943966
252392
1
362880
0
322
1
0
636100
4091
1
607244
208518
0
749007
0
0
0
1
0
10
0
208518
44907
0
330153
13132
398042
1
857077
11
311089
0
97657
0
1
35
498432
0
0
747143
1
808014
0
0
1
0
3
0
520198
1
1
0
0
3
0
11
1
3
0
24
0
0
1
753492
190414
0
0
1
1
0
225
0
0
2
914317
1
0
1
0
0
6
0
306058
50
1
323090
1
0
1
727700
1
952909
1
0
67284
261951
163922
0
13068
1
1
50
0
77642
369576
83491
257974
24
2
109584
24
3
1
0
1
896459
257341
0
772269
1
0
522377
0
202237
1
1
864664
257341
0
1
546035
0
24
708504
5040
0
0
802545
3
290145
755953
772881
742157
41875
808014
0
799443
0
808014
1
675061
0
0
610905
620426
1
1
104314
0
195894
141405
454302
1
0
607244
97097
190414
514774
0
914317
6769
539599
710660
1
504407
607244
1
1
0
0
0
1
0
1
1
1
1
0
0
1
85
0
274
914498
1
0
789332
1
755693
0
104314
0
818240
1
1764
0
50
1
1
0
335931
783187
1
432478
675061
867592
496789
77642
1
0
673485
0
143284
0
0
1
133793
0
13068
0
742157
943966
40320
63824
0
109584
0
2
720
425777
915627
1
574490
0
1
685038
2
87719
1
847077
1
0
938091
202237
710660
405652
126418
202297
11
0
425777
1
308009
0
0
718625
1
0
40320
454302
1
0
0
591398
589773
616142
0
2
6769
1
6
680961
492826
0
122815
13068
24
0
857077
800860
489848
1
0
896459
742157
1764
1
5040
0
1
50
599893
6
607244
997658
1
638691
591398
0
0
56054
3
575162
202940
1960
0
1
1
1
120
425777
237137
35
0
1
161159
0
0
1
1624
0
0
252392
0
0
739907
0
0
0
0
118124
1
375057
0
0
0
1
0
110229
3
425562
1
13132
800018
620426
1
1
287844
1
0
1
0
0
52746
0
680961
840072
3
864664
0
6
779811
1
489848
0
0
5040
2
0
0
6
1
52746
0
0
476641
0
753492
0
10
214345
1
887937
1
97097
0
161781
896039
202940
1
1
1
11
2
519216
124309
10
1
1
0
1
0
1
0
874775
282239
462676
938091
1
3
0
487640
613118
1
0
636100
0
234122
0
487640
129385
1
1
0
853354
24
0
912064
125483
163922
1
26569
1
1
8872
0
133793
2
0
1
539896
853354
367851
0
0
519216
1
634057
77976
0
251720
764063
1
0
403185
1
1
384351
209851
1
0
0
1
519361
746141
83493
1
607244
667396
543000
0
0
755158
0
0
124309
0
864664
800018
207408
0
0
258101
952909
1
0
0
1
761870
725117
1
257974
258101
1
567762
736262
992269
0
530884
1
0
87719
0
398042
995415
26569
1
0
496789
0
1
1
0
0
0
1
305104
274
997658
0
454302
50
718625
178682
0
2
405652
78420
0
0
411309
33466
403185
1
0
783187
0
1
1
0
1
83491
1
1
673331
1
0
0
143284
52746
375057
1
1
998254
2
1
0
887892
1
710660
0
845113
85
0
1
995415
3
1
1
742157
3
1
85
0
0
4990
0
0
0
1
0
0
627676
1
1
1
1
1
