759365
0
0
736262
456600
680461
332166
723680
1
781980
0
1
274
477833
0
499351
199549
207408
1
35
40320
409444
1
170346
287999
14326
11803
0
0
1
0
676106
935860
24
1
1
773546
1
269381
746634
1
118124
0
0
109584
116
307806
168432
1
315062
872523
303369
1
701046
372824
640987
0
398042
274
676106
274
876696
542532
0
145639
0
118124
3
854137
10
0
1
735
394232
84042
0
1
1
784682
0
299917
429519
421660
469655
0
217036
1
1
1
1
185107
0
619875
1
802430
873596
1
877250
802170
0
856080
6769
484213
340692
806054
223074
527829
24
1
111273
866230
170723
6769
943862
6
24360
1
1
0
527829
944443
829464
881425
855967
564514
371519
0
643916
631160
823832
195628
305104
169766
799443
225
154309
735
740167
0
69136
1
834156
168722
159210
866143
660089
1
1
1
340692
0
450789
436073
279966
0
1
858690
120
722158
92876
0
1
970828
614307
911035
711863
0
256621
77976
0
489897
964337
151177
550492
1
274688
86971
339442
469307
181366
0
943370
773778
1
568893
460811
295982
723680
223097
524523
269729
159210
40320
1
12499
0
1
166808
0
50
0
0
0
118124
209699
855587
1
1764
1
0
175
1
0
2
67284
891663
74898
143284
657394
0
0
232946
923331
921678
711370
0
64218
426503
697247
375714
141056
306820
394464
510197
326911
0
622196
1
1
371668
3
264069
951664
0
366125
257341
3
444367
977218
894563
631156
1
728596
10
50
3
916926
310416
346434
827238
0
0
900537
780581
498829
171477
274688
1
355366
0
1
952909
409828
499351
2
0
851139
0
1
1
456778
0
3
884442
471453
3
1
24
390920
66671
185532
0
1
0
85
6438
0
1
581624
989886
0
274
6
1
650325
610624
657430
477601
233827
519709
0
0
109584
735
832300
530884
0
74298
2
0
250908
6
974342
13132
304848
208518
20097
695449
336893
883632
75284
407421
247573
30914
50
129195
314128
48430
1
0
602514
850976
1
994062
874775
520198
1
1
1
620426
1
307516
0
1
450312
1
3
62524
521101
0
298120
800047
725117
1
0
13068
1
13132
512140
221589
1
467107
460076
0
734082
718997
999804
887227
552246
3
0
457127
0
742980
1
552711
225
655893
0
1
0
2
315404
2
1
6
0
0
0
251720
2
130210
0
948996
442366
492395
6
161781
370185
11
514257
368387
904626
137142
918082
11
190414
0
634057
913558
824644
0
1
2
1
1
150626
6
80939
223074
1
385700
729901
644554
0
757886
539864
369557
13132
1
1624
660736
1
772212
680961
900566
1624
407421
1
971181
927838
1
0
0
742157
542619
0
984927
1
361427
818240
838601
40455
1
1
334979
644322
734773
292494
1
279850
1
11
267960
145580
50
1
24
0
0
306182
2
474846
928203
0
0
900537
13068
996353
366328
114789
120
349714
795789
581972
50
11
1
328946
471685
534093
0
225
533339
310416
0
571764
1
1
6
0
0
1
1764
158862
13132
0
683617
175595
636927
371171
293335
1
488482
942152
400287
702406
1
349714
1
0
907787
1
1
839434
456634
120
1
0
1
734082
0
0
111432
1
381002
167040
581624
15225
2
735
286462
0
599893
757886
901667
0
6
0
286491
5040
1
0
236640
1
571068
832473
743831
1
906724
0
0
0
774242
1
0
0
381205
2
512227
73921
1
1
0
0
608391
0
11
0
371229
0
607086
5040
513416
854630
274
356526
0
1
0
186847
0
892678
0
1
1
0
0
5568
521159
0
1
817523
0
411510
749157
272977
0
3
0
1
487640
1
783187
1
41325
760148
1
0
50
6
202159
1
521159
487983
257091
1
627328
0
0
1
35
429519
716909
400954
0
767948
13132
118124
1
212715
0
907410
1
3
710471
986957
1
0
361427
5040
11
829537
225
26569
1
0
1
0
35
356265
776756
308531
723680
402681
1
1
596588
754559
234349
757132
0
1
763106
720
134365
245659
239772
1
472555
3
0
589222
0
1
822904
743884
929095
1
6
551609
895560
0
35
968368
0
817168
35
1
45965
723680
120
976643
83493
11
0
0
50403
658329
11
649020
0
0
0
2
0
1
22449
24
1
514895
592770
1
0
172693
228839
214791
767214
1
981969
1
964801
406382
1
0
0
861682
930784
1
0
817741
421078
1
548579
1
35
0
0
65011
3
120
449495
517998
638986
0
399035
11
120
512546
620426
199200
1
765571
1
6
522377
120
1
854630
139026
627010
611088
909353
552479
939397
1
0
836432
10
508225
647715
23519
1
1
302470
6
1
436218
267409
1
0
261203
701101
817394
756059
807882
184086
0
168625
1764
1764
499206
0
870401
1
664129
471685
274
85
11
503933
649455
841290
6
50
382945
1
0
1
0
57072
1
1
0
6
0
0
1
24
1
627589
0
0
377986
734082
1
906724
2
50
1
489839
5040
1073
1
24
0
1
133487
1764
0
0
929218
87719
50
1
999572
198766
274
807744
422733
84042
104314
1624
272223
2
1
0
534446
85
155527
0
0
143284
487375
957174
5040
62785
195628
223213
607244
35
929102
190793
176465
0
2
438190
1
734280
920866
592122
49329
449355
862130
6
2
1
172347
935584
824035
174261
823310
843494
399997
0
933445
1
523242
665521
211816
0
178339
2
943370
347217
0
35
1
182207
3
735
850425
981651
1
1
0
1764
1
0
0
888705
552020
1
66671
1
87719
830722
298120
209851
54636
309082
6
914317
196053
0
1
0
692375
269096
622166
179104
685096
0
256621
46023
755875
1
0
533194
233943
1
0
202940
585423
0
450776
13132
50
0
61166
661577
11
845843
607244
2
1
3
1
909947
1
26071
1
887892
234900
912234
1
26569
688315
1
1
552015
0
0
3
1
111650
611088
0
538704
485344
908744
629677
3
1
1
1
168432
456600
1
1
0
496190
152453
559961
1
1
0
1
167881
641567
341525
943080
951171
432478
0
1
540415
0
22449
841290
4727
800284
0
337792
170230
653892
895056
5040
472758
935584
2
8497
413540
1
928348
206132
732540
413308
67284
757973
0
1
780100
85
0
246007
0
30972
50
35
0
1
718625
428272
1
977068
290203
6
0
848105
623036
820497
50
402447
115681
0
187050
743618
1
0
1
870899
0
574867
0
3
778276
3
720
0
1764
1
1
600822
6263
608913
1
615450
0
1
1
1
321929
1
844480
2
1
619363
3
1
172693
607898
0
330949
816553
1
914378
499206
1
1
0
166809
866577
225127
1
50
331122
2
1
880498
0
462173
185455
141405
1
491956
1
109649
800047
489897
949025
704526
1
1
178205
72616
969193
0
35
0
915627
460433
1
939426
0
298677
839463
120
422734
857356
714828
778708
761859
50
417919
292175
1
544272
530884
0
0
1
225
872523
706926
617759
0
1
0
428549
734280
673467
1
306058
6
845113
190504
0
2
1
822788
565714
495727
154628
1
960277
977416
2
0
3
0
251720
3
373925
1
1
720
773894
1
695449
599285
204189
974603
6
0
0
197607
667396
50
606796
13068
0
11
0
0
377261
882325
0
982868
379958
0
0
24
896459
2
1
118124
35
544562
0
2
386831
1
235727
0
261122
761859
0
847815
213139
86995
0
0
13068
0
1
1
0
6
791410
186847
445619
45540
360644
765426
52746
133951
0
1
1
0
0
4990
0
718881
6
617613
0
0
683530
945545
278402
530058
1
1
15776
481777
809685
1
54810
0
113100
1
1764
6
35
0
175595
1
2
1
615944
1
994120
1
432478
884384
6
0
195894
496335
1
71978
6
0
731525
244122
340635
976643
367459
55912
237708
118124
1
313583
292059
0
0
647715
56144
10
1
265872
759278
760880
634404
158485
6769
0
719026
1
11
0
149466
1
0
904626
84421
262102
662748
628779
6
867681
919255
505006
176546
0
6769
3
6769
203551
1
204102
980432
50
1
120
0
274
595011
0
50
241135
1
0
0
3
105154
11
680461
1
628720
612712
1764
730203
1
208423
809796
367591
402752
539114
0
742157
252392
598879
3
225
1
467770
1
0
1
0
222546
321610
416909
0
307980
202101
0
0
6
0
0
1
0
208423
368968
267960
0
1
809685
888705
1
331093
720
0
499322
1
1
546099
225
622514
595080
1
11
50
0
0
410930
205996
1
3
178339
330310
0
85
0
241773
610905
77662
1
720
992699
368387
0
872784
2
1
1
937953
0
923545
856938
412422
90921
590031
1
3
757886
30972
1
829412
775170
0
1
3
1
0
505383
823629
0
908106
512227
143284
0
1
345802
667396
0
24
1
335931
591832
750636
869130
231072
830009
35
0
61683
0
81780
1
633215
6264
1
0
1
983674
0
1
0
225
752057
223213
104777
574867
361775
465015
11
0
1
1
13132
5040
1
11
0
619092
310416
974632
278719
0
0
0
530884
2
729756
342541
214345
0
1
406754
701046
6
371519
789583
0
959233
723680
1
1
560715
174522
366943
200680
0
627328
1
0
283798
249574
0
3
159413
1
0
0
3
118124
0
0
153352
1
1
193778
1
0
396089
807744
2
1
1
10
0
274
305130
177596
979417
6
1
2
17718
11114
0
695043
0
85
397701
596588
0
41875
0
1
415802
600387
0
694289
295800
0
52746
0
1
1
1
3
0
269325
6
752202
0
29029
669639
680961
0
568226
0
783783
233566
0
0
1
542619
174928
373433
1
996527
234711
0
0
1764
403970
1
913443
6
981250
487375
0
679362
6
0
1
0
3
0
555074
297771
0
285940
1
149611
254388
141405
1
255277
634057
0
6
994671
1
35612
946734
0
0
6
50
1
400287
0
0
553349
85
1
0
1
1
35
800777
687706
0
11
913558
0
568719
1
719077
24
2
280836
756059
1
108924
753014
746837
35
1
0
0
105647
304419
279966
854746
755875
6
0
1764
6
1
1
995415
622717
85
0
0
546215
0
803648
26578
663119
118124
916926
0
0
870348
162923
256621
1
54020
0
849961
3
2
935584
1
1
846549
122797
629010
631160
1
172693
780709
1
332416
131457
199027
0
24
342084
28835
425546
753246
0
935714
551609
1764
147436
537109
848105
0
0
844480
432419
0
3
1
1
178205
0
304529
351712
0
11
1
67284
274891
523247
136294
0
838601
371519
994816
458809
1
1
1
483923
1
945081
0
1
202940
1
426387
347246
131931
0
6
6
528351
0
0
401360
902712
101414
539864
214576
0
1
0
1
175
0
172174
675584
5017
1
62886
857077
1
701660
0
0
1
6
1
24
595011
694443
905577
0
1
887139
612770
984927
11
802545
833431
0
250096
1
86855
986447
10
0
552479
223677
11
1
828704
582207
631160
5040
65511
897347
0
934235
1
783187
798080
0
2
13132
0
385265
919255
6
640581
599893
306058
815683
934467
11
11
315062
547317
1
620339
280082
40320
14674
808636
160805
267409
0
742157
202884
75284
851121
416150
6769
0
953351
900566
804808
516171
1
1
311750
261122
2
6
702641
0
0
1
35
214576
1
436218
0
201869
0
576404
680961
673351
0
905577
0
744546
652616
3
1
0
50
1624
1
13068
179568
641596
833315
50
488476
872639
3
225
259579
657256
582889
0
692665
154048
0
1
178872
634057
723115
50
1
0
0
0
891112
323090
360644
3
0
322
336226
795847
372936
1764
840420
3
35
6
828959
0
84421
1
0
190414
1
850686
633215
2
0
701046
213139
3
278402
304419
1
628779
675061
737586
0
0
66331
0
1
700988
39324
225
857077
190414
1
88247
0
0
0
0
1
2
1
67284
497252
0
304848
0
1
861503
0
29261
6
2
16704
830096
0
1
844480
50
748490
337328
35
543000
0
410141
0
476813
530884
0
1
0
1764
0
395821
744895
682950
1
35
0
177799
367459
833431
174493
1
0
846149
168432
1
618280
850686
0
428910
11
410141
270454
362880
63824
240555
0
0
401853
605781
0
6
596160
742980
2
412964
0
247689
0
524523
1
3
611871
0
479284
711950
270454
492333
1
3
970828
3
250837
3
720597
1
966802
0
1
0
863620
11
640987
885631
792280
1
0
172550
751390
784914
951287
1
144214
3
351712
214452
524262
0
419978
368387
1
0
1
1
0
863934
1
133719
0
1
1
2
85
1
1
0
546035
1
6
831140
1
0
436740
0
74008
916926
759278
0
1
909947
11
1
896459
1
1
147465
742157
1
2
0
0
870401
0
750549
522377
361978
0
270141
245137
11
321610
293770
0
542619
0
40289
136126
793278
0
1
1
0
2
920431
3
108083
109584
0
0
362880
7627
197519
529163
0
1
731032
118668
0
861879
1
0
31320
727700
304819
45965
16820
174029
741651
75284
0
904653
0
0
1
1
943109
0
13068
2
901378
866650
701046
252392
1
11
887139
513967
3
11778
4901
1
1
1
1
1
1
903049
334979
267844
78561
0
979475
172693
1
11114
1
495581
199776
3
550564
396198
500685
720
0
2
1
13132
0
772269
1
0
85
592770
0
679362
1
564282
10
1
1
35
0
533455
11
659228
319232
1
522377
753492
821686
789322
936990
316100
0
112047
211439
543000
0
0
0
11
203324
1
0
930054
899522
213730
256621
0
718794
575162
1
83752
370480
988494
0
0
964511
422037
0
111432
0
172347
0
0
6
362880
726194
161037
48517
0
1
624515
552363
720157
456721
613247
518405
856565
23113
983651
0
3
0
0
1
673485
0
1
0
347981
0
808014
1
394789
530884
287275
508196
762149
1
2
0
210777
109584
0
406638
0
720157
348319
1
337763
0
1764
10
890387
992269
283794
44907
1
26569
895288
988146
267844
1
409444
202623
610905
1
1
1
0
0
677846
1
1
403883
303166
877656
729756
162371
0
3
0
794990
451733
189370
1
627676
253257
1
1
385265
841319
1
50
0
464609
147030
1
0
742157
891141
370480
454302
109584
480182
1
510469
830096
942152
0
7627
1
8497
1
3
1
696474
1
328744
427104
1
0
492826
514866
0
6769
115681
240352
0
0
2
0
834475
1
1
0
355366
0
0
468959
121162
217413
288278
24
1
6
6
945636
422733
759365
0
745503
3
773343
0
137170
701220
0
1
484213
1
312069
610905
761859
1
1
6
710732
13068
908338
0
924404
0
513561
990727
727378
0
1
6
0
3
671959
81780
412422
558667
21054
612712
0
147465
1
1
873596
700031
0
976643
1
5040
577970
1
321581
2
1
628570
270020
1
727088
1
50
0
1
11
0
0
451733
997069
50
442366
783696
1
118124
2
0
742157
908106
1
1
257091
298120
906830
961408
1
6
172347
1
1
985536
3
7877
869536
0
991771
0
3
1
2
1
0
0
172434
0
545520
202188
421078
394980
839434
1
1
12238
696474
354826
0
567153
4350
532962
10
3
416909
1
815219
0
634057
109446
953351
11
74791
168625
0
6
0
0
0
67284
804779
0
118124
761859
735
11
288318
1
0
393814
818322
1
0
817168
283794
540531
723680
967788
2
372936
885544
561991
1
972602
1
1
600938
0
1
876815
1
726194
453304
894505
6769
0
306058
269381
990611
465827
13132
0
11
596160
896459
0
630605
531251
13132
172693
0
575128
0
720
2
586206
2
0
899000
120
1
1
13068
1
775170
331412
172693
11
0
0
582001
54317
11
2
752057
10
744807
16603
244122
1
6
938972
0
1
0
28333
201057
411309
842196
495727
852406
849149
993192
590342
3
111432
278400
13132
977304
795151
1
1
225301
0
893323
6
1
0
1
176349
0
649339
231884
0
0
0
0
6
705889
0
1
840739
288753
0
714102
921596
892823
6
1
748411
0
0
1
0
0
442424
6769
1
346144
85
172028
1
1
0
679362
428131
0
1
1
1
1
1
11
184086
0
764330
0
1
371519
1
0
0
0
486620
1
699335
1
714299
3
673555
22449
274
658793
441931
988378
1
922548
578405
109737
0
494542
0
263117
6
107503
0
274
0
95207
13132
139026
167580
753130
0
703308
0
13132
0
723680
602765
319841
229760
543489
865882
225
267351
0
942877
0
6
663119
391993
893519
0
916487
737557
1
0
1764
1
494102
510197
457127
931567
184086
278402
1
0
3
919822
154081
900160
118124
269325
414120
717982
0
0
149872
850976
1
11
720
945545
0
297425
3
0
0
3
0
853876
0
6
267844
0
457127
0
761308
492913
1
12441
0
1
1
1
1
734280
500888
199085
6769
56182
0
0
128789
1
424183
1
1
0
1
336166
120
977304
318391
177741
1
897241
0
952244
1
0
813015
590457
10
3
1
6769
0
11
0
1
733178
1
6
373404
1
1
384095
84245
10
760437
250908
1
324418
0
460076
1
0
1
0
1
413540
855967
5568
531744
708499
0
257091
0
438915
1
1624
1
400954
644583
162371
1
274
0
274
0
683617
908744
0
545520
297771
1764
2
871971
663119
596160
0
237708
1
1
776910
474237
126991
0
70035
197607
753492
335931
543431
918082
85
1
0
3
1
1
238071
318333
840188
0
1
0
1
45540
701046
0
370702
1764
579855
1
15
3
10
0
0
279966
0
1
1
1
0
667754
413598
372936
175
1
1
0
0
1
742157
67284
742077
402681
514774
225
829412
732656
0
1
148915
0
286995
1
1
274
6
1
24360
6090
916926
0
464609
758992
1
0
992245
800018
1
586235
829342
0
629590
1
26569
35
733294
305104
1
274
1
1
1
764643
0
1
50
0
0
85567
0
2
0
2
7877
30914
1
1073
452015
704004
50
811797
133719
1
1
431810
0
874775
493058
184933
302359
313200
0
492797
6
492395
1
122797
1
118124
765542
270454
486620
1
11
0
2
600068
628570
322
0
844326
262711
620426
957174
0
1
877540
0
198766
0
177741
10
1
1
2
209699
798196
225
61132
442719
3
11
1
477485
17718
10
799443
896100
0
203232
765179
4536
269583
0
120
0
50
0
779257
662273
0
505383
1764
296119
546035
0
834272
0
0
364037
0
93106
4990
411510
3
734082
302702
138562
1
1
384110
67284
0
3
488476
0
0
1
0
699973
1
968165
508834
1
841319
188964
0
7627
0
199776
504919
742824
862692
0
0
1
1
741094
922954
225765
0
1
880498
178205
0
96604
0
1
0
560309
399035
1
998151
2
3
343157
1960
225
0
168345
414149
753492
1
696474
2
2
895560
1
0
874775
85
172693
1
249632
457330
258101
82447
188807
941050
473656
527365
120
530884
1
1
904653
346028
1
252619
560484
0
40455
703801
0
321697
33611
2
675236
1
2
416909
236814
11
0
1
16472
472932
0
720273
323090
122815
50
74791
311089
0
13132
35
521159
251807
1
625414
111940
927838
0
463884
996382
11
1
11
0
783783
120901
770588
6
0
720
600590
878149
301948
928311
1
1
586902
854630
934148
215731
543000
906724
0
0
340257
3712
2
798051
282779
1
929943
73341
535165
65714
1
516612
851121
0
501149
1
338169
0
174793
0
489897
926082
1
840679
0
436450
839724
0
0
0
771052
11
539114
1
924404
0
828588
651514
133308
50
856776
1
728509
35
583248
921596
2
0
791816
292494
384351
330949
479254
392689
708499
0
0
0
660504
1
0
161907
680021
50
831140
454302
0
486069
303166
124729
0
0
0
980896
399736
0
1
941659
719077
85
1
0
6
432478
350697
636202
49184
6
310416
1
663119
3
1
696474
0
0
1
0
1
0
467190
1
1
858690
0
992269
353597
0
0
1
0
67284
0
1
1
808014
0
0
524320
187084
702525
172693
1
1
2
0
2
286995
660841
0
611117
2
40320
661200
0
35844
0
454302
310590
0
366531
349160
590457
172693
0
611045
0
478661
723985
552711
134365
1
16603
1
1
602514
529866
0
1
818240
0
1
995615
225
1
998254
441351
118124
161159
0
1
731931
757886
566956
747852
0
370272
0
879686
884181
251923
0
852194
622514
274873
112027
1
24418
2
0
0
668943
1
1
0
1
0
0
0
582639
1
0
1
1
102892
894563
3
750636
945516
595892
5040
0
1
51620
833431
771052
1
316013
640146
304848
899870
1624
724594
0
113245
561846
832473
0
878932
116435
285244
1
2
0
0
742157
3
759423
60929
778242
944646
650325
767982
999572
66207
784827
783696
6
735
162052
651485
3
939426
814697
0
0
0
891402
359252
1
340635
1
6769
943544
962133
934148
20242
515047
595011
893780
503114
1
1
24
1
1
543000
694443
498250
0
974081
0
0
304645
0
627010
1
720
274
0
6
0
435008
0
0
399446
109584
940267
0
1
33176
1
0
0
3
622253
0
0
781980
3
829645
43094
681908
929624
337792
187084
365980
297771
1
92876
407160
549318
6769
828124
0
11
830009
121162
558667
6
131602
519322
362880
978431
1
646091
347826
916926
321523
2
543000
0
720
168251
0
0
1
133516
636202
0
35
0
154081
0
3
1
137982
6
589077
2
11
0
773546
1
109584
887227
1624
63539
949228
514341
833431
62814
280836
460076
752869
783319
585423
2
0
788017
11
1
731931
0
581537
0
394464
0
995415
673734
6769
372265
207408
364269
147030
1
682515
225
0
132733
833780
267351
1764
1
735
1
120
839985
443207
67284
840739
390195
1
49565
403390
169737
969905
1
5017
988581
0
0
2
0
675236
1764
451733
181366
0
0
10
0
21605
0
1
759365
35
901465
315752
311340
24
0
293335
0
269325
423515
8584
0
627010
994468
255693
0
1
6
497466
214345
2
0
0
0
515881
89707
1
773343
0
705889
861879
1
967034
629938
0
6
775721
136445
908338
0
324418
1764
0
932002
478661
0
0
0
0
11
1
2
3833
2639
0
339442
382945
34829
11
518839
5040
0
6
3
118124
2
814697
85
584875
0
0
122616
0
0
1
187543
257341
1
365574
0
0
1
301600
972370
834591
0
0
0
1
755953
963612
493058
1
0
154081
118124
11
565384
0
773662
961379
92876
3
197780
139084
479284
169389
35
262711
1
618367
490216
261951
0
1624
530058
636202
1764
1
0
1
548579
1
0
515881
4536
0
940267
513416
1
411133
907381
544185
485692
1
361427
288556
849468
499525
1
248472
214223
1
138645
24
3
1
0
0
886878
1
1
1
0
132791
402781
332362
967005
539896
0
0
0
767330
1
0
915124
284026
888328
83607
1
1
0
24
0
678658
302359
258970
0
0
992061
562890
0
0
6
6769
1
114789
50
795151
454302
95434
379331
525857
1
755160
187543
652616
699857
24
333610
762046
0
172231
3
682399
869130
0
262711
133487
0
1
1
211707
149466
1
604819
892620
0
234900
319464
384110
622166
239801
0
896459
0
6769
141405
24
708557
0
24
11
0
759278
109446
616907
661664
16820
671147
1
730365
295423
45994
85
0
675990
1
66265
0
1
0
0
369557
924404
0
0
0
310184
946879
225
1
931509
1
3
820526
0
864490
3
8872
2
0
821744
145435
530671
913616
240352
0
244383
678049
120
300237
3
413308
98107
0
588236
1
870401
428098
761859
0
0
1
565360
473656
927838
896459
718881
956044
1
723985
904626
776416
146529
61053
442366
841319
854282
865998
1
3
1
720
1
6
60407
172693
1
41847
0
6
0
532962
909527
195054
172693
885544
595539
496789
364959
0
479863
0
1624
983245
951374
937715
332416
1
1
15579
1
6
323060
966922
3
112027
561846
651978
444454
839463
2
701660
293190
636202
267119
884587
307621
2
635796
132849
926082
6
1
986447
11
174319
753994
409422
1
762323
307516
0
136010
805620
369557
0
3
642558
1
1
316100
1624
824035
2
968368
673264
61016
10
0
752202
0
416099
0
952244
288556
709137
0
0
1
410112
37961
0
76328
24
1
701887
84042
661577
71572
432478
575162
266596
189393
994845
514774
280836
186992
755682
0
1
1
74008
1
12441
346376
211236
877366
84421
118501
59769
81825
986348
1
1
0
225
720
0
85
381437
673555
11
1
912541
21054
0
225
1
3
172550
437755
673467
1
178339
213139
791410
0
746837
381437
3
6
350204
159436
0
322
551087
0
532846
496016
550942
660823
0
1
620426
1
50
1
0
0
640958
1
115310
1
1
6
0
749954
0
2
904626
844480
834736
1
0
530884
329841
1073
201344
0
1
582436
697276
317608
883632
1
0
996382
1
0
1
153990
35
1
2
735
914317
1
0
1
1
1
499351
344607
257341
986348
699306
0
0
50
1
1
197490
380654
1
229760
1
97097
0
1
878589
3
359658
172693
79663
794455
0
428549
0
118124
1
657662
924335
56202
191893
77952
1
295012
0
297771
755953
35689
489578
414381
435290
129195
24
6
848453
704671
685299
1
458572
1
0
0
0
0
531430
753492
1
827238
13068
762671
83491
478661
1624
1
1
638019
657430
742139
91901
941427
441293
1
1
543431
0
532440
0
0
145029
1
50
2
1764
723985
10
760873
417943
6683
697247
694443
705889
628779
981801
560904
180960
369199
149872
193720
1
408059
0
168548
496683
0
105995
226983
50
1764
446194
0
347981
2
1
0
86855
815539
109584
836215
120234
877047
968890
291769
820709
595011
0
35
3
1
977218
543000
0
1
0
924462
223068
231072
153004
2
835258
1
0
1
61596
0
1
817168
0
203551
0
838767
342838
0
1
794252
997861
0
789583
650760
535253
301434
575162
261122
1
0
432165
177799
777693
161159
0
0
62785
0
599285
486359
178682
142187
596936
487640
826558
45443
35
0
11
0
294031
203324
639044
1
906724
301716
0
558279
190414
686402
768297
0
481777
1
0
0
821943
172693
6
800047
3
570088
152569
429548
120
2
11
1
6
142535
1
172693
499322
50
13132
38565
305104
181830
825920
600880
930784
1
83491
99296
6
1624
0
1
120
1
599893
720
473454
2
215847
263054
164053
6
1
0
120
735
109584
6
335931
312185
0
1
6769
952909
0
217500
225
347981
11
125483
244093
1
6769
895936
996527
824963
157383
0
944908
867681
522810
131544
702699
961872
946372
6
6
487712
74298
467161
147117
2
726102
847931
780709
0
411945
723173
6
0
7511
573620
607244
781980
646439
0
0
1
599401
283794
0
663114
274
257091
1
36830
66816
1
895288
753492
917676
0
13079
753492
1
0
3
565384
607244
419184
209851
1
1
13132
661664
1
6
1
225
1
0
1
846616
0
0
969470
774590
118494
2
1
1
611871
0
0
0
1
185455
1
152395
399035
1
1
996904
2
50194
333674
270141
380103
95410
529163
1
454170
2
457127
0
556027
683530
399035
1
384095
1
238351
172693
0
384351
854630
740167
3
546035
903929
1
287275
276877
1
802372
738253
943573
0
1
324418
1
0
0
41875
672627
636608
0
402781
0
0
251430
1
197519
0
958595
120
2
548723
946879
111650
1
274
432478
498250
376971
817168
615293
969412
870812
225
428011
1
685299
0
1
4176
0
544744
10933
1
12470
811803
0
982896
25723
3
45965
190504
50
720
998254
209902
204102
2
732540
0
139026
864983
21025
1
535601
113854
1
0
895056
109584
0
1
994845
0
659344
571764
0
0
653718
2
3
548477
901755
416909
166809
705425
680961
1764
977445
525132
0
610624
1
0
930784
0
866781
10005
795731
1
1
60233
973066
300150
888705
321523
383767
1
438131
0
333610
1
3
181366
692409
890068
878932
1
1
103248
934235
1
598879
1
665173
572088
0
910948
83491
0
742157
0
21054
0
366531
815944
109584
0
0
0
1
791410
0
888705
22449
510469
772881
0
1
393105
0
1
172693
543518
0
759278
250618
388746
2
799008
0
241048
559961
0
0
856938
85
1
1
877366
551058
450283
332362
101442
519709
470317
1
252967
336893
40320
739297
10
11
699306
0
0
489848
1
1
1
425777
459476
37961
790008
454302
705541
101123
800777
0
0
0
942210
2
0
627676
1
440220
0
1
6
2
50054
1
406382
204102
853354
2
2
559961
1
592770
0
698621
44014
839144
567936
657394
475166
1
301434
103124
818322
438131
1
742157
663119
283651
782246
26578
133719
1
933445
627850
0
508834
186992
299917
168251
418934
2
66671
1
870606
873711
602514
364008
772502
620194
1
1
0
397445
1
162923
500830
0
0
719606
719606
0
0
516422
1
882911
1
0
537921
643365
250618
955985
0
15747
190501
0
895288
83491
95434
1
274
524784
833518
719345
1
458572
0
2
1
3
1
705824
1
235727
3
414758
85
896100
588932
0
6
999717
428243
3
118124
0
811362
0
0
852194
1
3
1
703221
743763
3
1
65424
474957
870899
154338
764063
280836
0
10
488482
628570
595011
1
0
2
272020
1
433839
426503
0
724942
0
2
306058
917067
0
1624
402681
35
598531
50
782304
1
172693
460811
0
935796
839144
6
466958
0
0
342084
293335
329991
864664
1
5040
517157
0
804605
0
1
169737
743647
143753
120234
347981
1
739907
2
11
753492
0
0
597806
555074
1
16472
716981
6
6
1
174261
170027
137779
442366
196069
0
911499
67284
54317
203551
2
0
0
723173
755875
810775
11
815122
1
95729
522377
2
995599
472845
140418
882180
599285
21
320827
65424
579855
534446
445619
3
627067
1
1
133
1764
2
0
1
3
3
0
0
6
135691
71572
274
959927
6
111418
0
420384
0
467509
1
868231
908106
0
332543
618570
309401
50
538066
523363
3
641057
24
734599
745097
0
490216
421225
476354
1
16037
85
26578
3
1
394464
567762
0
0
1
692375
896738
586351
973298
595011
856631
89175
543000
1
151032
364733
977445
0
1
0
2
1
472845
1
50
0
305104
610905
1
364414
151658
743913
186992
0
67284
1
653167
311089
337618
50
914498
0
1
865990
0
0
753492
6
1
0
3
61538
530884
24
135691
424386
946879
244093
373085
3
6
0
289420
11
760437
1
866781
40320
779462
115826
228984
13132
1
714564
1
1
0
1
191893
769834
1
571996
0
1
414120
1
829400
0
118124
50
534467
87719
59740
0
1
11
0
731525
98107
0
606187
1
0
1
111432
749157
0
15
179249
64218
298120
24448
580283
719859
568429
0
579855
857077
11
149379
6
1
1
409444
0
3
3
0
639044
1
651514
670741
245210
1
0
631160
11
0
836853
3
401360
3
846149
399997
886936
1
569665
757886
0
172693
6
1
938498
708093
827544
0
0
35
0
801127
988494
1
342541
0
589077
482995
2
449495
0
588932
1
6
1
35
208423
168625
0
225
320305
416099
6
56144
0
83491
769834
0
57913
205996
437755
225
57029
1
490825
844326
0
1
0
207408
977218
907381
276877
306095
789467
18966
35
0
3
0
118124
432796
767310
104314
1
0
0
0
282239
0
0
0
264799
1
0
495581
55535
443063
1
414091
0
0
175
0
1
75284
109584
0
2
547958
1
665869
834156
0
0
399035
0
694637
869130
331122
0
132907
3
274
0
1
303166
0
1
0
0
761870
690838
295344
239598
456721
88711
599285
388948
753492
592770
310503
1
330513
55912
120611
0
21547
35
341525
1
11
518636
0
40320
1
653167
1
3
871971
798710
1
274
560744
0
1
6
0
1
311089
0
0
35
74898
239772
50
291334
23490
628779
930054
3
135198
535833
305130
558772
0
1960
120785
57855
109584
856938
0
744546
3
706585
183164
1
1
0
535165
960045
0
0
1
0
2
752173
0
63824
35
35
0
1
1
1
835258
720
896459
0
0
0
0
755131
944443
444425
0
1
417919
3
633215
476641
655458
339677
721810
862808
898478
907410
198940
1
1
393617
1
124309
416909
183309
334080
1
0
183309
3
798051
1
921011
3
661664
616142
1
0
1
15
118124
462144
379030
1
0
33727
85
196038
252358
451733
0
50
0
0
1
0
1
0
397213
1
1
67865
0
663491
6
735
0
1
847467
714618
1
358440
1624
1
1
364763
0
714564
0
572511
66806
131457
907381
895288
450956
530884
1
1
1
807744
895288
344607
274
681908
768471
225
0
1
386657
3
0
754559
501149
6
73341
414149
32654
0
416099
1
89707
337328
177799
891663
0
399446
1
40320
574490
103124
257341
0
475977
706469
723680
66265
275790
228781
97657
1
872784
799646
81825
999514
794133
1
787843
749737
30044
220980
1
927130
876322
662157
0
769921
24
1
672627
225
0
305104
202237
1
1
998563
1
1
3
2
1
345100
0
50
620049
820526
758205
716068
627676
572808
147320
6
74008
160573
0
1
0
460811
496789
942761
11426
1
0
35
0
175
294227
725117
515047
2
3
975531
0
450771
267351
1
188999
175
0
127455
952909
708064
0
4536
775141
55100
3
0
1
722390
26071
0
1
314771
270048
0
120
0
1
0
0
151612
0
1
1
872668
438131
66207
141433
0
146743
35757
929943
599691
213614
24
2
564282
0
6
0
735
105270
0
894563
0
276877
467509
267960
0
120
839434
6769
3
639160
519616
468546
6
0
50194
1
1764
168403
332362
151786
85
6
441583
868463
571764
692959
296583
68708
849468
0
11
11
1
414091
626579
1
1
0
0
2
172028
77872
552015
427104
0
85
482169
455909
126962
1
3
914655
0
23490
414091
0
0
671458
842131
24
103588
804808
0
0
0
485402
6
1
1
188442
501990
338742
317144
666391
15022
762932
861561
897724
279850
755131
1
3
129609
647077
834011
402781
827238
0
501700
1
305104
0
1
0
172231
0
1
856076
3654
648295
85567
500453
923545
456600
19600
0
274
1
338169
250270
247689
733671
0
10
6
0
834156
0
50
6
977855
1764
0
979417
0
1
263784
133951
1
327758
418441
512140
854920
0
757132
83491
800018
696474
1
122797
466291
2
11
0
1
947430
67284
0
1
488482
1
613247
503934
412964
720
0
209438
931741
1
718625
1
6
1
1
175363
0
976643
40320
195628
1
452023
633273
591455
0
835832
710660
773488
427104
0
205087
2
978141
0
1
0
1
288556
0
1
1
1
0
475166
1
105067
2
2
354826
136735
3
3
522290
0
720
1
861387
137895
683530
1
0
1
444483
0
1
1
610905
0
221734
225
793701
50
0
175218
0
88711
0
1
61166
0
204363
558221
14181
269325
278168
1
85
6
675410
767485
0
85
967846
32915
820062
817168
3
735
777693
1
11
1
348899
705541
856565
40320
0
3833
906724
1
0
6769
1
897241
225
284867
492797
1
1
0
66806
11
337850
548738
0
0
742157
88386
222517
0
543000
670955
217076
0
257091
1
419717
11
1
586902
865906
0
1
452015
1
844480
890068
0
257462
1
1
1
1
1
3
378583
263663
0
0
453304
0
730365
673734
10
553784
15921
114376
501845
567506
0
619092
753492
790047
942036
290145
873050
377928
1
907990
456778
0
218810
13068
0
735
323090
970828
584466
488482
0
925796
0
564659
1
792889
476641
0
2
761377
0
414758
504340
0
935584
384351
0
0
370185
3
2
927826
569471
2
388977
1
588120
1
304906
0
808014
544214
50
6
3
436305
563691
510081
178205
726596
650412
1
4727
1
907845
0
57594
579130
6
319116
858081
397184
491956
1
342489
361456
120234
22384
715053
26569
955985
3
0
497843
0
438770
1
6
24
62060
24
867506
1
10
0
94221
2
1
370272
770617
13132
63273
122815
492304
783290
0
1
2
0
0
6
720
0
904451
0
1
800074
247892
1
447441
735
0
1
0
437523
5040
941137
3
11
615450
0
1
1624
1
409444
501816
0
0
1
291875
0
269536
1
0
1
418673
169244
667116
590457
876187
1
0
388658
239308
0
958682
833170
581537
0
0
619363
257341
6769
0
202391
0
109446
960045
461651
0
6
0
28159
640146
530884
6
302112
1
1
678658
886936
607637
552375
587530
1
369199
1
359513
359745
35
831140
150481
13068
1
150481
847931
56182
274
403185
6
575041
203551
544272
584875
1
0
6
1
726015
512227
345802
1
26569
1764
1
3
45066
3
617613
0
1
665869
0
185629
720
274
735
0
411309
1
466958
190589
5539
815480
119691
892823
0
270396
207205
1624
934148
1
111302
3
0
790052
1764
891141
1
0
887951
24
24
912311
0
835258
362880
81461
1
13132
0
236495
0
0
1
0
0
859125
264799
1960
0
3
456721
986447
800018
504407
0
2
500598
699306
86333
0
524465
1764
168625
760148
1
678310
596240
852194
1
109584
1
10
965961
649890
1
120
184086
3654
45965
659721
209699
0
11
0
269096
855210
67284
1
934235
825920
753492
155991
463362
161781
1
977218
187050
488584
1
0
0
425749
762555
0
421399
50
0
1
0
473116
47699
450312
147465
1
472932
409422
0
684632
880411
960277
84709
0
0
141405
847757
886936
1
109584
50
673670
15
0
530884
232899
750224
1
2
1
497466
0
1
15776
52746
1
0
1
507210
2
47705
120
0
0
833170
1
0
230231
1
586003
574490
496161
857497
0
825920
673555
0
1
293190
0
1
11
1
78010
2
347246
3
522261
3
0
277994
743884
449118
186847
0
0
24
1
185484
533165
473845
571884
384279
1
798051
362880
160921
31320
809709
82302
674946
908251
712675
1
225
247892
660089
0
849468
0
1
240613
403970
239906
0
416099
548579
411309
1
636202
743647
907990
3
393617
0
6
1
11
283651
521943
0
6
202159
246500
49126
0
0
26569
450283
358643
1
40194
0
574490
225330
142187
802545
943862
236495
274
0
844422
553668
35
701887
0
522810
269325
1
24
0
989770
4727
10
753492
0
62886
26569
813915
790743
1
409444
772881
349714
0
1
3
24
1
85
0
0
1
551551
163821
886878
11
0
0
62785
1
1
1624
2
73341
427104
6
0
0
1
849149
1
448978
1
210777
89175
409444
0
0
154923
50
26049
911354
0
0
764208
2
726450
263146
292548
196053
0
731496
270715
147784
0
0
2
873421
467107
622169
1
0
1
2
439002
0
844326
0
2
10
3
1
495727
1
590933
13079
494542
2
995415
6
1
128644
814697
848076
11
1764
622827
1
0
0
821510
461129
1
0
1
299309
764063
781144
1
131931
735
272020
9450
1764
867592
941717
1
3
0
482169
15225
0
0
489897
1
807882
1
859125
783377
52746
10
1
120
735
494542
1960
2
0
266597
916487
886936
1
832473
438131
1
0
1
0
1
2
2
84709
1
6
543338
587511
121249
755682
1
0
0
955985
1
1
11
1
0
345884
0
542532
379262
0
1
406754
0
244934
598560
1
301434
186992
1
1
897241
929711
6
345884
237510
11
492188
11
1
120
1
1
0
956014
1
174754
0
440916
1
977304
3
1
935796
843204
637507
0
0
862130
168722
852426
24
232261
24
85
0
2
1
271100
63597
376819
980896
0
753681
1
618570
0
0
548579
1
530671
0
676773
1
381437
1
6
0
354293
1
1
0
213121
709137
0
205552
0
0
628779
0
2
496828
157773
1
1
1
270019
0
868956
896100
753492
694521
1
572025
496335
11
0
478661
13068
439350
1
24
225
274
332362
310416
0
1
791816
1
13132
529962
0
403185
1
1
62524
3
730365
488584
1
0
673467
221734
1
0
209728
179393
0
0
333958
0
0
56695
0
85
456286
0
628570
6
1
454302
17226
1
0
166809
770582
361456
589280
33611
650760
1
1
704526
1
66468
675845
1
1
35
11
168625
966922
979787
999804
0
263054
0
0
1
83491
710660
904451
494542
0
273296
969412
35
958740
0
199200
1
1
526069
29406
471685
233566
873050
0
683617
1
789380
0
1
114376
1
1
854630
35
209902
1
0
539896
24
0
952737
1
0
582436
1
1
568632
233102
723985
50
6
551029
1
1
0
3
282239
595011
90567
13068
2
662748
675061
765571
0
952273
726450
410112
691273
11
11
0
0
61451
979417
0
735
680021
1
0
1
0
0
24
11
827544
3
11
40320
274
1
217529
824644
824035
0
908744
0
790627
0
0
0
113680
354061
0
235727
1
117102
1073
968890
1
620397
877656
5040
0
6
1
37961
0
0
581450
1
1
795151
217076
0
616907
1
643568
450312
627676
0
0
553349
542856
789003
539110
267844
556481
869130
198940
928899
0
11
1
130529
740022
6
0
0
166837
735
427808
0
323959
1
459737
0
0
926259
1
11
799646
331093
62785
270396
225330
6
272571
61166
50
1
785465
834968
480936
0
0
3
0
829169
628570
259173
272571
0
475977
50
821943
1
334080
0
332543
257341
13068
50054
705425
34800
0
507094
75719
0
299135
927130
497252
0
1
105850
833315
0
0
0
1
1
305341
768790
727088
670074
4990
1
0
1
11
0
946734
0
73486
35
1
725493
306825
0
0
570088
531251
403185
758263
704874
640146
1
1
0
347246
543000
1
723680
0
384095
754559
0
1
539864
132412
673351
531430
1
0
251720
763628
333610
720385
669833
4002
537109
750224
400954
1
0
1
489375
1624
0
955985
1
1
1
711370
6
0
619527
0
1
1
0
11
2
35
775141
1
118124
909382
959233
2
0
0
1
1
0
427808
1
296931
0
1
247167
901667
240613
63887
2
1
1
0
50
1
1764
109584
579855
0
0
0
97657
959407
1
312677
146529
89320
781608
755131
673734
773546
340750
927797
0
0
107561
0
23664
3
1
1
2
0
463830
0
846568
667290
841841
0
723173
0
0
2
618280
0
11
406638
393617
166837
501439
0
1
570807
1
1
1
1
997658
118124
1764
0
501990
1
0
109584
256621
60320
928348
933445
808014
305104
0
101094
10
209486
0
568632
1
109584
795151
640146
791816
579768
349160
774590
0
583190
0
0
285882
484004
0
0
3
199200
218863
977097
0
897241
274
945458
0
298120
416909
0
1
628779
628720
308531
0
50
372824
1
0
527916
1
0
0
0
689217
0
1
634404
26622
671108
3
77285
45965
24041
696639
7366
1
937512
202101
445121
863620
1
1
267409
3
830096
0
6
0
985789
214791
24
1
1
168403
984927
334080
0
305104
1
1
1
119691
126991
69506
3
0
0
0
13132
288556
768064
980280
11
660841
1
50
466291
3
225
940586
1
1
795151
204102
269325
1
2
752057
0
610905
335931
753507
0
11
0
2
0
1
624415
0
929943
99296
456600
88014
628111
896459
45994
0
1
50
978576
4990
902055
873257
720
24
1
670045
11
463830
1
84042
1
3
0
101993
0
1
415605
83491
68179
0
958682
353626
61567
539110
827238
1
237510
1
284055
390920
601030
342541
64061
257091
301223
574050
1
995415
50
1
353655
1
2
1
742980
67284
6769
30827
95434
244934
0
458809
521304
151177
172693
1
1
3
488476
136126
0
824818
3
2
0
210634
710471
945636
723680
788017
1
0
963612
501149
2
754551
1
0
1
0
1
472845
464609
3
0
43007
667638
899870
97657
1
1
1
2
77642
210946
795789
11
1
656937
1
228259
444860
3
15225
941050
24
1
135488
791091
1
873050
1
0
245398
816408
1
1
186992
345680
1
900537
347826
598531
462434
0
203324
13068
269096
85
1
708325
394464
0
0
1
1
0
6769
685299
0
496132
1
501149
378583
364733
317608
747243
187543
916926
849932
889957
0
774938
0
897033
109584
1
936758
0
172693
0
705077
999491
0
436218
215731
882093
709108
602881
1
732540
195112
467190
657394
13132
0
546708
735
731699
201434
0
0
0
1
0
962945
628570
1624
1
1764
35689
0
0
722390
310300
96604
313896
6769
87000
1
1
190588
345884
1
225
50
277501
634810
791526
1
0
470728
595475
1
6
848772
2
587772
306907
694289
157528
3
571764
898391
11
753681
2
111606
587084
288318
1
650412
5017
187543
870203
0
11
1
0
0
274
398481
543000
0
1
854630
1
846549
0
428131
129050
256621
464609
203725
426387
6
6
965305
0
1
719606
6769
370127
53824
35
299599
583132
1
85
0
977416
402781
1
603605
1
1
489549
475426
1
600590
1
5017
12441
867681
579855
10
1
0
361596
688634
1
969412
0
125628
342635
30030
0
0
1
955376
967788
0
3
890620
269642
497089
249574
986899
818240
35
0
12499
872900
410756
1
747400
0
1
1
122032
1
97498
1
1
952737
557056
0
18520
1
1
172693
10672
35
321581
414903
233305
261203
233566
114376
689217
45965
226084
274
799646
289420
992061
256128
99383
682921
274
1
649020
494044
1
1
1
0
120
869362
141700
1
85
679905
101576
0
1
773720
6
0
362880
445121
50194
540444
476641
0
263146
94891
1
1594
13132
286259
753492
0
887139
100809
0
328946
1
987281
0
1
940238
0
1
660446
811884
1
1
0
0
0
572025
519616
284229
3
0
0
270887
760437
3
0
672627
235069
1
1
1
565500
0
843204
860812
0
6
816988
1
239076
1
0
745183
701887
760437
1
739907
40320
849468
6
663491
749186
0
96604
1
193778
409444
852803
419978
0
1624
415164
1
606187
1
673264
826560
264069
491956
0
0
84709
0
527916
1
750549
0
1
501149
319841
860812
0
174029
0
732337
1
1
978431
995615
422768
740428
1
809129
882499
294031
1
166808
296438
0
598879
519100
1
31320
303960
34630
0
227738
46023
135807
46458
0
374651
0
673351
24
680461
828704
1624
800226
362880
1
782246
1
3
222546
1764
95880
172693
6
720
186992
282518
0
1
0
742139
44747
3
1
315062
473656
0
735
1
0
50
307748
1624
894973
820961
725117
1
0
258970
44907
0
557264
0
672988
4536
1
0
929943
129195
725200
2
1
771052
128644
65424
101912
410112
2
729756
203324
870203
180322
1
921968
581030
589077
358643
365400
1
936259
409444
798602
31494
799646
294227
0
109584
1
537486
914317
490158
734599
0
179858
847351
580283
1
13068
414903
0
1960
1
417943
901320
501700
6467
13068
752869
125367
1
1
314128
0
501700
1764
85
1
0
675033
359397
0
936259
0
0
238071
89175
1
6769
441119
153758
1
404695
497611
771197
0
105734
185629
800018
833025
0
449355
1
3
952592
1
1
0
1
118124
35
0
1
321697
2
637652
877134
794990
1
1
0
0
370993
1
225
557467
1
6
3
735933
868185
11
0
0
800074
136445
26569
650156
0
6
504919
1
599140
161159
274
560367
3
0
486504
0
114789
714995
15
726102
0
0
98455
634607
0
0
368440
499322
274
458229
1
735
759278
274
926650
615293
0
436218
0
2
0
790859
540444
816553
11
205552
50
763947
673331
0
1
1
389963
1
891141
821943
414671
0
181031
0
611726
947430
2
174261
183309
0
373665
234349
339677
1
738572
1
5040
3
0
1
1
1
0
0
333674
11
283651
0
701046
835832
10
237162
46052
761308
588236
1
0
1
324418
896459
508950
201869
503114
679362
701887
762236
1
958044
416909
2
50
1
303960
836215
263146
0
738598
0
648121
69136
332543
1
1
0
6
0
1
0
2
949228
657394
348203
775141
265495
907845
167533
0
397184
2
819714
0
799838
440017
307621
318565
160573
0
0
761569
116841
719859
1
1
13132
35
1
688605
0
814523
1
432796
0
25868
418934
0
340635
1
95410
620426
0
1
781294
1
0
873190
0
250908
174029
818240
1
304935
945080
1
428549
618860
1
819569
482125
409035
0
480820
0
754522
977097
0
274
11
4536
767214
566573
1
278402
929218
87580
1
312069
589889
457214
306825
977097
942152
516422
24
886878
1
82302
3
0
198940
462115
6090
1
50257
313258
1
0
858806
1
3
904653
2
305104
429499
1
3
961379
130529
0
167533
54607
24
987914
937773
2
0
284026
1
1
890909
870319
1
50
349943
0
553784
1
414613
109584
0
0
725200
16472
1
35689
0
98484
104314
907787
35
199200
177161
0
0
959233
374651
256969
3
1
40455
695478
561991
441032
1
11
1
2
6
0
943360
6
979417
50
832473
1
120
894563
236495
0
1
0
225
673734
1
0
736223
180003
0
0
1
50194
195628
0
844422
988175
1
772212
534446
2
920208
171854
1
895056
977218
1
6
1764
1
333442
833315
751932
884384
1
638058
552711
0
605839
870203
0
6
1
234349
11
0
453304
644815
24360
0
683878
147465
0
310416
1
214223
24
116841
581131
850686
1
864461
108518
789322
1
615944
479284
654298
1
6
0
738598
251654
0
6
3
1
207466
50
333065
0
1
0
0
2
11
716416
1
628570
759655
454302
98745
271904
0
10
50
776968
280662
13068
50
50
0
223074
3
409444
235069
418934
1
174928
73921
1764
11
0
3
942210
76212
1
856109
1624
0
132907
688315
228984
791352
0
11
770385
521101
30030
489549
930755
0
1
1
1
0
1
798080
0
161159
1
619092
501251
11
1
0
858690
0
2
256621
440220
1
0
828124
0
820497
1
3
1
0
0
1
1
1
434405
0
0
1
630141
11
0
501149
1
542619
1
220023
1
612069
1
319145
1
1
118124
232899
1
225
54984
0
0
381060
2
35
167446
310010
62785
315655
902132
36076
0
0
808636
1
454302
1
141246
370480
365400
6
0
13132
1
628570
864084
227650
0
467132
565283
633273
1
1
990002
2
0
379264
1764
858806
258101
0
1
1
1
539599
6
487113
674946
843494
10933
141201
3
2
328946
460811
940267
566956
161559
381060
960248
1
919967
974400
344607
0
472932
540957
780564
302359
228984
35
0
897289
587220
957174
778276
11
1
462144
185107
1
504658
670955
483575
270020
707281
859125
1
0
6
916926
274
11
85
11
274
694289
511242
489848
710732
897956
753246
0
67396
346144
355482
1
1
914498
554016
563992
816532
1
0
3
980892
6769
795151
0
225
0
834591
588642
774242
12499
1
606796
1
0
637681
0
945458
6769
0
0
0
6
857077
0
1
588932
1
835258
66806
682921
288753
944095
534446
715981
610619
743618
0
394464
1
834788
1
720
1
64409
483807
6
162371
245210
1
2
305104
1624
225
1
662360
884790
282402
513735
1
634057
1
60407
3
1
6
567153
6
814697
0
1
120
540957
221270
1
1
1
455503
855529
0
67284
1
0
3
385265
136445
450776
1
60349
1
163009
149379
0
427808
936154
143086
0
920866
410112
634057
1
628111
1
124309
13132
1
153555
1
1
371519
3
1764
1
1
24
11
1
47531
6
583712
0
942877
6
727700
784682
0
524465
686402
6
5040
292987
24
664211
830357
1
724594
1
890387
351712
548723
1
523247
0
1
356265
16762
0
0
0
6
802170
854485
165271
306820
835832
0
647715
704874
0
1764
413308
802545
1
31233
775866
772881
742157
0
718214
0
350204
1624
0
0
1
1
0
120
0
274
0
122815
990727
287844
35
876612
1
211236
1
257341
257341
754551
305104
0
865906
696474
250415
13068
361601
0
929095
570088
628720
666275
330153
125280
1
1
1
704351
769747
350204
306414
1
0
735
3
540386
0
279850
0
0
914655
0
342374
419079
0
181366
50
813015
2
0
61166
202297
697774
50
183570
773778
172347
1
0
192618
0
50
1
1
0
1
24
0
440220
187084
1
379304
270396
0
392689
720157
735
163009
1
720273
0
807744
0
20474
24795
1
13132
0
1
242179
347981
62785
753492
563557
312069
353626
0
6
274456
660823
610769
11
0
61683
0
288753
554016
3
0
1
694521
1
894563
761377
35
131457
169244
951171
370702
678582
209699
0
225
225
600271
489549
586235
0
856979
102863
175
462676
3
252619
1
657314
342084
567631
835084
0
897521
1764
673467
1764
1
0
1
524784
704526
782072
0
3
1
1764
629416
0
0
40455
0
50
601315
1
50
1
0
620426
1
1
72529
427104
426909
0
0
13132
598531
1
597139
496891
11
267351
6
590457
37961
1
1764
1
762381
0
1
6
306825
11
432165
849961
187050
1764
1
1
10672
669987
0
679362
26569
1
0
55361
51417
968455
475426
0
545520
407363
640146
1
173101
168432
584884
1
607405
878120
548738
141246
565384
0
1
0
1
1
3
67612
0
1
379322
85
109584
24
1
937773
6
1
525132
1
82911
50
818240
760437
11
0
613247
535833
618280
10
594442
200680
1
385265
109584
0
0
0
0
92336
0
10
1
6769
1
217413
0
129609
0
833315
11
0
315020
802430
0
442366
1
560715
1
9309
0
25723
0
225
50
3
0
2
98484
1
512923
622514
7453
1
822788
834388
694521
251570
3
0
0
1
895288
261951
211097
52746
225
528409
463884
565384
17864
795731
0
307980
784914
383921
488296
600822
1764
602881
489549
0
438131
582207
35
140621
47183
0
799646
6
596936
0
1
1
67284
0
4990
629938
869130
371171
1
831140
11
1
870401
871971
1
996433
0
601030
465914
199404
686546
342541
77642
851150
0
693216
0
1
1
1
95990
564949
476641
66806
886878
1
673003
172693
1
0
491956
3654
1
1450
1
0
0
774590
0
0
892064
0
1
850305
444454
521101
10
2
0
0
1
874775
0
0
571764
379360
1
616142
229361
1
0
1
1
916926
0
723985
710471
35
364530
95434
0
892707
23490
1
238351
823687
760880
366943
6
855326
1
202884
620426
10
1
0
274
50
1
0
6
762497
0
963612
907903
24
0
1
337444
789438
0
1
32393
1
777693
1
1
274
0
606187
706157
191574
1
175218
349943
909947
627328
0
768790
181366
213991
0
988581
663119
50
185629
0
0
0
11
878294
50
24
0
1
775141
422994
1
285882
663119
714564
138881
833315
274
118124
949837
496016
1
1
895936
276341
4901
0
0
1
126418
952244
718997
28835
0
844480
6
1
899522
718881
357082
773488
15579
944908
409444
489549
2
0
734773
1
6
884442
0
665869
771197
172693
791410
1
6
1
709108
588932
1
166837
798080
47699
50
391993
340635
718693
840739
0
120901
1624
818206
0
727700
67284
1
50
799124
1
0
824644
109584
599807
6
35
0
245210
323090
0
937953
711370
3
274
543000
527887
0
698621
1
153758
1
120901
274
43529
197461
607244
6
815122
228984
6
501990
0
663119
447145
3
960045
191574
139403
351770
743734
78561
799646
1
60001
792512
0
478368
409850
629677
786219
649890
50
0
0
203551
1
678658
625646
636202
399997
801619
949837
1
140138
1624
225
1
11
929943
2
851121
6960
994468
0
0
770588
120
1
691070
443063
13068
15225
24
146550
735
1
568400
683617
167040
0
188297
1
0
0
1
324418
0
1
1
1
6
798051
3
173101
199491
0
232435
1
3
13068
1
24
1
0
0
0
1
916926
913122
1
1
97498
295046
1
2
3
6
1764
800074
931567
1
671147
628779
904451
863934
1
456778
1
1
1624
588236
601030
80776
704351
702699
26569
0
202237
15
1
950649
11
274
525538
2
0
0
516548
211236
462927
5539
669639
1
233102
530497
466958
3
330513
278402
995415
35
0
735
1
821943
1
0
3
1
1
67284
1
175
221589
357889
840623
1
753492
957174
0
0
0
720
997658
474957
748674
101094
873421
1
146550
118124
1
0
3
669175
1
208518
935584
945636
3
10
0
666391
1
392689
0
0
1
501008
451733
112607
157528
0
13132
0
1
1
610905
476641
210946
67284
169824
620426
742157
3
161704
50
1
980898
502976
0
148915
0
1
516422
854224
946879
682329
50
1
0
3
699973
0
11
1
504340
437634
1
0
86855
1
1
1
295046
811681
273760
723680
35
1
464609
0
479284
999804
251654
957174
2
6
52746
496891
0
1
0
147320
344607
1
6
736262
35
1
2
0
2
994120
307621
220835
1
760612
760148
245137
638319
1
607244
1
85
1
0
0
870
283214
800047
13068
748142
720
6
6
764063
1
252392
1
161159
839869
261122
202940
0
93496
907787
871798
1
1
979787
0
701101
0
596160
1
755682
253692
1
1
0
265263
580348
773546
670219
0
1
772269
867506
969528
0
0
0
50
6
0
396089
1
6
303398
1
1
0
318391
181366
871798
937541
907410
11
17864
3
0
122032
640842
34800
92876
188999
0
4536
1
145029
1
1
1
870899
768297
128644
771574
288556
468002
1
11
25868
0
1
663119
640987
336893
334080
0
713198
886849
598792
747707
628570
168432
907410
80214
457272
892064
891223
1
1
0
13079
315810
6
1
1
742980
0
553668
11
0
0
141700
801589
11
542532
1
50
0
0
482169
2
120
943950
228781
235069
698621
0
0
85
247892
1
11
498250
571996
74898
694057
120
539110
769834
1
416909
1
55535
0
11
45965
0
753492
126418
1
0
856076
175
798051
0
353655
85
859647
723173
0
443207
0
1
0
305627
385468
1
1
1
159906
1
225649
0
294227
32915
345535
3
1
11
0
963931
1
1
84709
942761
50
902055
0
23258
353626
0
114376
714102
398042
205087
0
379331
673409
0
1
808014
869652
622253
873050
1624
12296
540502
844016
567936
6
1
762149
1
0
1
40320
0
1
666681
2
3
320334
298120
0
1
0
634694
40320
628779
39425
894563
937623
996433
869130
6
1
1
817394
1
995338
79663
1
317144
1624
1
1624
979787
24
983651
0
67284
0
727146
1
492395
0
449118
11
2
3
998563
342541
0
0
11
0
989736
0
822904
0
977097
726194
101094
720
0
0
641770
1
11
0
1
1
0
797906
1
67284
6
120
6
0
449587
1
872383
0
1
218863
0
138098
758813
0
3
839434
0
848598
1
101094
996904
6
955985
468930
11
729669
1
3
940035
0
426909
957174
45559
585423
466958
7877
1
