1
1
1624
1
1
35
5040
1
35
13132
225
0
1
2
1
0
6
1
109584
1764
0
0
1
120
1
1
1
13068
6
735
50
274
2
0
0
0
6
11
0
1
0
1
35
1
1
1
1
3
1764
0
6
10
0
1624
1
0
1
11
0
1764
11
1
6769
11
2
362880
26569
6
0
6
120
3
1
1
6769
35
1
1
1
1
1
11
1
0
0
6
10
1
6
0
1
1
1
274
0
1
1
1
2
1
1
0
1
13068
172693
2
35
1
1
1
11
1624
2
0
1
6
3
274
1
1
0
1
1
1
1
1
1
1
1
0
1
1
172693
1
0
1
1
6
1
1
172693
0
1624
10
1
720
3
1
3
35
1764
0
120
1
6
1
1
1
1
1
1
24
1
0
0
35
1
1
35
0
1
1
1
6
0
0
1
735
269325
35
172693
0
735
1
1
26569
13068
3
0
0
6
720
1
35
10
362880
1
0
1
6
3
1
11
0
3
1
6
0
6
0
0
2
1
1
1
6
1
2
85
11
225
0
6
2
0
85
1
11
24
362880
2
1
3
50
1
1
0
109584
1
1
40320
11
225
1
1
0
21
1
6
6
13132
120
120
5040
1
1
0
1
1
172693
1
0
3
5040
0
2
2
22449
11
24
274
24
6
1
35
175
3
50
1
0
1
2
1
1
1
1
0
1
1
0
1
1764
6
118124
2
109584
1
1
10
1
1
0
1
720
11
11
35
1
6
1
1
109584
50
1
1
1
0
1
0
1
1
1
0
10
362880
0
6769
1
0
120
0
6
1
1
6
1
2
2
120
3
10
1
35
11
0
0
0
1
6
6
1
0
1
2
11
1
118124
2
2
0
3
50
1
1960
1
1
3
2
0
1
1
5040
1
1
2
1
0
6
1
1
3
11
1960
0
10
0
1
24
6
1
1
1
3
5040
1
1
6
0
0
6
1
5040
24
10
3
13068
85
1
1
0
0
1
175
13068
3
225
1
1
11
0
0
1
2
0
1
109584
6
50
11
735
2
0
2
2
1
225
225
0
1
1
1
6
1
0
6
118124
1
1
1
1
723680
720
1
1
1
0
1
172693
0
1
1
1
1
172693
1
1
0
1
1
1
1960
0
1
1
1
1
1
2
1
6
118124
1
1
50
24
1
1
274
1
3
1
11
6
2
24
1
120
362880
1
13068
225
1
0
1
1
1
1
11
1
1
1
1
0
1
67284
1
11
0
1
10
50
1
13132
1
1
1
735
120
1
172693
67284
67284
11
1
11
0
1
26569
0
0
1
24
0
0
1
1
5040
11
35
120
0
67284
720
225
50
35
109584
274
0
10
735
15
0
1
35
1
0
2
0
1
1
11
6
120
50
3
6
1
6
1
1
1
3
1
1
0
35
2
1
1
6
2
1
1
172693
35
2
1960
1
24
0
26569
1
1
1
1
735
1
1
13068
50
15
1
1
0
6
2
1
26569
2
0
6
1
1
50
1
1
225
1
2
11
0
0
1
172693
0
0
1
3
1
1
26569
6
1
1
0
1
3
1
2
1
1
118124
0
0
118124
6
1
6
1
0
1
1
13068
1
6
1
1
274
11
24
225
3
11
24
225
35
0
723680
15
1
0
1
0
1
3
0
1
1
11
3
1
118124
172693
1
1
1
35
1624
735
0
172693
6
24
2
24
1
0
50
1
11
2
1
1
225
13068
0
3
1
1960
274
40320
1
67284
1624
1
24
1
1
2
1
2
1
1
0
6
11
1
6
15
1
3
1
1764
24
3
6
5040
1
1
6
1
1
274
0
1
3
1
1
6
1
225
11
26569
2
1
1
0
0
274
1
1
3
1
1
1
40320
2
1
1
40320
0
0
0
1
1
0
24
6
1
0
1
172693
735
225
0
1
1
1
1
0
1
6
13068
35
1
0
0
11
1
1
6
172693
274
362880
15
723680
6
720
6
3
35
6769
13132
3
120
1
0
1
6
2
0
0
0
0
50
1
2
720
6
1
3
0
1
1
3
0
735
11
0
1
1
35
1
0
1
35
3
50
1
6
3
0
0
1
1
1
2
6769
6
3
1
1
35
120
1
274
720
50
6
1
24
11
6
6
0
1
13068
3
1
6
1
1
0
1
13068
24
735
3
1
1
1764
35
35
0
24
6
0
1
1
0
225
0
1
0
0
13068
1
11
3
225
1
1
1764
6
1
0
50
1
24
1
0
2
1
1
1
1
0
1
1
1
67284
0
15
274
1
1
3
1
35
1
0
0
13068
5040
0
6
735
67284
1
1
1
1
1
21
1
274
1624
0
26569
11
67284
1
1
1
1
1
2
24
1624
1
1624
5040
1
0
6
2
0
172693
6
1
118124
1
1
13132
1
1624
0
0
1
