10
82 7
4 30 13 31 7 73 56 10 49 24 53 20 76 44 42 3 82 2 65 69 21 39 25 60 51 71 67 75 41 26 78 40 64 14 47 54 36 32 5 80 68 35 46 18 48 0 63 55 57 37 70 15 19 58 16 81 6 28 62 74 17 34 29 33 77 72 79 66 45 12 1 50 11 22 23 38 9 59 61 8 52 27
33 5
1 5 14 27 28 26 22 33 20 29 24 4 25 17 7 16 6 31 13 8 15 32 12 11 2 18 9 3 30 19 21 10 23
76 6
1 30 75 11 73 16 19 71 61 41 58 12 8 34 60 25 57 56 15 48 49 55 7 66 53 28 44 65 43 63 59 76 18 35 27 67 2 62 32 26 24 47 6 21 31 23 5 10 51 20 29 68 4 70 45 36 42 3 9 39 69 14 22 17 40 54 64 52 72 37 50 33 38 13 46 74
67 5
66 6 54 24 38 34 32 7 11 5 57 44 16 10 29 61 64 40 55 1 2 52 22 63 21 28 45 51 18 26 0 14 15 42 9 41 13 36 0 50 27 35 8 17 48 3 59 23 12 30 53 19 47 58 60 39 56 62 25 31 49 67 46 4 65 33 37
49 5
44 46 0 13 22 0 24 0 30 7 31 0 23 0 0 0 26 0 0 0 42 25 0 38 10 14 39 29 28 0 41 17 0 0 49 20 32 1 5 0 0 43 45 27 0 33 34 3 0
54 7
0 0 0 0 0 0 0 0 0 0 0 0 0 0 0 0 0 0 0 0 0 0 0 0 0 0 0 0 0 0 0 0 0 0 0 0 0 0 0 0 0 0 0 0 0 0 0 0 0 0 0 0 0 0
48 3
0 0 0 0 0 0 0 0 0 0 0 0 0 0 0 0 0 0 0 0 0 0 0 0 0 0 0 0 0 0 0 0 0 0 0 0 0 0 0 0 0 0 0 0 0 0 0 0
35 6
2 24 0 5 25 29 0 6 21 3 23 26 10 18 4 13 31 14 33 0 35 32 22 11 30 17 1 16 7 15 0 34 28 9 20
25 1
24 6 5 8 17 25 2 20 21 7 23 3 4 19 0 1 18 16 10 14 12 11 9 13 22
63 5
32 0 54 0 33 28 40 63 0 0 0 0 44 0 8 13 49 46 0 0 0 16 41 58 48 3 17 0 31 0 0 5 39 21 0 0 0 34 9 51 55 0 2 15 0 60 56 25 0 47 42 0 59 14 0 38 0 0 22 12 6 0 52
