10
259 7
182 104 105 189 222 245 22 162 71 179 83 187 84 3 129 81 86 39 89 47 177 88 209 181 190 217 17 64 166 207 191 244 107 14 43 87 153 106 180 150 13 24 159 32 113 46 259 149 135 198 163 25 19 76 167 72 252 36 240 79 210 98 220 125 33 246 195 127 144 223 255 99 248 196 236 234 202 186 109 145 148 199 102 120 0 257 0 35 238 216 52 235 34 192 27 66 134 110 100 124 169 29 0 132 136 92 108 69 94 194 78 111 12 140 242 117 185 68 131 146 62 157 112 133 253 231 65 164 59 178 171 41 54 95 30 212 49 213 208 241 96 204 82 61 141 67 239 130 93 249 55 18 73 175 10 11 251 228 26 256 119 40 50 91 70 156 138 161 5 126 176 45 158 225 114 77 193 142 206 205 152 232 44 60 250 174 115 160 56 1 243 20 42 165 6 16 200 31 139 211 172 215 183 0 123 221 9 197 23 168 74 7 37 122 184 226 173 97 155 121 247 90 151 128 63 38 137 80 147 233 58 154 254 51 53 15 101 201 57 227 143 203 170 219 8 116 258 218 229 214 4 28 85 188 118 224 230 75 48
159 5
6 79 91 0 156 0 54 30 17 124 20 5 0 89 0 82 0 0 142 0 0 0 0 81 118 0 0 25 0 42 138 111 0 107 143 65 110 0 39 0 154 0 85 28 103 37 78 64 155 0 0 0 0 0 121 41 0 26 16 0 61 0 0 57 47 45 53 0 0 0 0 43 0 0 27 32 144 0 49 7 0 116 80 0 134 0 95 136 129 0 36 0 38 10 0 0 83 152 141 84 58 22 0 104 13 59 0 101 92 2 0 125 0 98 137 87 158 123 0 0 62 0 60 0 71 18 33 0 0 0 3 133 9 0 0 14 46 0 0 77 0 0 0 0 122 0 0 0 93 0 0 0 0 55 99 0 0 0 0
881 8
341 188 353 0 775 678 766 0 0 838 276 0 150 218 414 0 0 0 569 742 0 64 369 0 0 755 0 158 639 393 20 0 62 427 0 627 802 0 0 707 529 566 106 836 0 361 526 177 468 601 0 547 811 807 0 0 0 753 454 673 0 120 572 366 3 0 575 44 357 558 347 450 143 552 587 0 0 0 559 0 0 0 0 880 784 281 0 0 0 0 822 733 155 609 0 0 0 0 447 600 0 0 0 650 0 712 247 0 592 812 0 399 1 845 0 0 0 0 456 0 467 607 664 293 524 711 848 338 0 0 0 0 681 700 0 137 0 142 789 0 375 649 0 0 0 0 754 0 839 252 586 0 655 0 31 819 0 598 56 27 275 580 653 555 11 0 0 392 474 313 471 305 696 579 0 0 83 389 264 243 419 544 452 716 0 46 674 612 0 0 0 288 292 0 14 0 804 34 0 320 582 747 0 51 0 0 672 140 0 0 0 60 0 144 345 295 0 0 0 0 15 0 477 495 826 543 0 0 124 0 0 557 0 0 501 200 125 222 0 99 0 0 263 88 271 0 221 0 298 533 676 0 633 616 307 738 788 571 0 684 219 110 328 825 854 0 687 415 342 591 0 0 259 0 216 459 335 443 0 0 169 722 644 0 303 0 0 92 78 152 695 185 267 499 645 821 0 256 0 0 0 67 18 204 769 0 823 0 0 663 57 211 416 800 0 463 10 473 539 339 0 0 0 444 0 0 319 0 149 294 380 0 0 286 540 0 828 433 482 6 70 65 331 401 491 0 593 487 523 527 464 0 626 265 522 253 594 709 227 794 410 858 199 693 793 53 63 151 179 406 368 782 0 438 364 58 458 208 760 797 589 0 103 225 873 743 564 0 0 334 520 780 739 33 0 857 0 167 97 0 287 0 0 581 829 343 0 340 90 530 844 488 508 86 432 490 0 359 0 640 750 308 145 478 274 0 506 0 395 0 453 0 0 394 0 0 104 624 617 791 469 460 195 0 574 831 0 214 567 127 0 0 228 874 475 0 0 608 108 686 855 0 101 519 28 163 126 94 528 170 441 0 417 409 504 136 710 638 0 254 0 0 461 642 0 0 0 0 879 241 744 13 0 240 799 0 0 0 647 269 0 877 0 0 0 236 129 379 643 429 315 344 280 0 634 881 0 249 377 0 349 553 0 0 0 562 455 476 0 0 157 0 165 154 0 778 551 662 41 397 404 746 213 376 436 862 621 0 705 348 0 71 0 407 583 0 0 0 207 0 24 0 0 326 391 713 659 0 0 25 0 0 0 0 232 0 181 0 171 0 541 426 483 660 35 32 493 758 866 403 0 492 814 49 0 497 0 669 516 761 0 843 675 876 570 0 0 388 759 536 0 262 7 0 0 641 423 489 0 725 0 0 0 311 577 717 0 0 0 806 578 0 0 0 625 0 184 682 153 0 0 446 355 679 161 138 0 0 721 0 396 0 373 100 0 629 412 17 813 234 309 0 773 670 183 618 327 0 0 0 853 783 95 869 0 0 371 76 296 290 0 0 0 322 205 0 719 498 637 0 21 646 209 605 0 0 37 718 480 585 217 774 0 107 130 372 323 817 164 0 832 430 833 268 868 386 384 0 0 751 81 248 573 0 0 0 257 196 635 0 604 748 470 0 314 0 0 0 834 405 437 727 360 756 289 422 0 741 0 282 134 871 0 0 610 0 0 515 47 272 29 238 786 537 865 683 420 0 0 631 503 210 0 730 174 226 411 462 0 85 0 291 0 30 96 0 231 0 114 43 0 333 531 40 109 230 757 502 277 193 0 714 486 434 568 0 0 0 852 648 273 771 22 0 112 0 0 0 191 0 0 632 545 370 479 701 535 0 752 496 0 351 84 505 870 0 484 451 472 428 0 803 619 93 745 0 622 636 770 0 0 0 856 223 0 846 538 0 656 182 442 135 667 685 0 0 0 52 0 26 708 0 0 302 0 402 237 677 688 440 611
486 9
0 273 0 139 0 0 0 0 0 135 0 262 272 0 0 376 0 0 0 0 43 0 85 98 25 0 0 330 318 0 158 292 425 110 0 486 475 0 0 35 0 0 361 29 444 472 0 432 325 0 313 0 0 0 263 309 0 0 0 296 0 458 0 233 0 356 320 109 243 414 250 474 53 0 0 0 270 457 401 393 411 279 164 0 89 362 190 0 242 0 65 92 115 0 0 0 420 205 2 0 0 0 0 0 0 0 0 0 448 0 157 228 363 0 481 0 337 0 0 0 0 0 96 0 0 0 0 278 201 419 332 0 0 238 0 0 0 0 0 415 0 423 0 195 0 301 0 51 0 0 0 0 0 464 0 0 111 0 483 7 0 34 74 0 0 298 0 0 229 119 0 0 0 0 222 0 0 451 0 0 0 0 0 0 169 24 60 319 294 0 0 147 340 130 125 0 0 0 0 171 476 0 215 93 180 15 0 91 0 0 333 0 0 442 392 351 0 0 0 0 0 0 395 0 47 347 0 197 239 0 86 0 289 0 72 0 217 290 286 0 42 0 0 323 26 407 346 0 230 408 0 0 0 209 0 162 0 0 165 287 0 0 179 426 0 151 350 0 0 0 0 0 0 0 306 0 0 0 0 207 0 0 189 0 371 331 148 0 38 0 57 0 0 172 352 256 0 54 258 0 56 439 0 0 380 0 0 300 0 0 62 0 0 0 0 456 0 0 264 208 0 213 452 44 0 329 0 0 0 64 0 310 0 149 199 59 87 440 206 22 485 0 0 417 0 0 97 0 0 0 0 307 66 117 0 374 0 0 295 0 353 0 0 424 468 236 0 0 202 271 168 0 311 288 0 0 0 112 0 0 357 0 443 422 0 341 0 0 131 0 94 0 0 314 152 453 0 0 434 21 167 0 0 385 0 0 251 0 124 58 0 0 0 0 462 0 461 0 0 478 0 410 13 0 0 203 377 372 335 0 0 0 0 0 405 0 0 0 0 141 0 248 0 0 234 37 0 0 299 0 198 78 0 465 450 0 0 0 27 315 0 0 216 276 0 225 19 17 280 0 0 232 32 0 187 0 0 338 0 23 0 0 69 0 129 0
131 10
0 0 0 0 0 0 0 0 0 0 0 0 0 0 0 0 0 0 0 0 0 0 0 0 0 0 0 0 0 0 0 0 0 0 0 0 0 0 0 0 0 0 0 0 0 0 0 0 0 0 0 0 0 0 0 0 0 0 0 0 0 0 0 0 0 0 0 0 0 0 0 0 0 0 0 0 0 0 0 0 0 0 0 0 0 0 0 0 0 0 0 0 0 0 0 0 0 0 0 0 0 0 0 0 0 0 0 0 0 0 0 0 0 0 0 0 0 0 0 0 0 0 0 0 0 0 0 0 0 0 0
925 6
264 266 491 4 855 541 303 571 121 492 259 867 361 577 842 93 790 791 509 602 532 663 706 514 398 112 604 308 760 13 684 440 117 520 611 386 434 126 88 574 692 144 140 340 786 292 402 201 60 187 190 486 807 863 753 761 456 558 47 530 901 2 411 3 223 139 796 381 46 147 617 354 438 341 506 19 281 887 171 709 131 393 481 334 242 180 849 857 352 656 685 254 368 608 699 620 331 916 199 868 494 27 299 590 783 513 636 756 129 332 567 637 908 286 313 133 51 457 874 23 704 256 107 174 650 184 53 815 678 599 296 893 588 295 762 12 844 333 315 383 886 336 776 521 885 168 181 420 467 448 473 470 149 14 921 260 824 270 741 572 623 189 330 182 616 752 675 851 609 712 103 474 108 202 48 274 141 227 229 105 404 518 575 246 550 510 812 638 884 476 384 342 113 749 228 715 895 118 84 734 748 148 208 77 449 302 460 543 508 271 834 773 649 545 832 647 419 845 898 725 451 360 697 399 288 566 374 198 827 380 771 840 110 304 534 578 805 196 848 846 325 250 878 85 396 896 455 511 835 291 904 465 665 346 431 792 324 11 772 172 123 651 662 728 839 549 409 841 353 16 306 252 327 430 130 744 655 913 135 17 614 209 65 624 500 920 538 459 232 74 858 350 502 618 76 454 219 153 389 436 356 507 717 533 897 57 883 290 56 176 890 211 789 787 888 677 151 526 445 322 560 563 413 852 387 417 711 134 21 285 73 903 152 390 780 162 213 911 746 644 407 251 154 540 224 397 512 192 880 78 94 881 146 909 458 523 243 701 585 403 217 247 735 798 742 61 570 739 145 218 204 700 165 626 236 825 63 485 925 882 804 628 758 443 102 607 358 469 401 339 99 894 682 239 800 737 169 601 778 150 255 503 464 782 471 723 583 300 612 559 595 25 673 442 622 553 280 323 779 157 237 764 62 596 484 58 640 43 307 721 866 124 70 373 808 30 493 811 36 730 395 859 66 120 634 689 918 562 547 817 923 41 705 718 52 785 375 639 696 589 363 836 924 768 490 75 652 461 793 320 96 159 289 370 1 391 694 554 745 856 736 98 714 820 39 428 426 582 788 424 781 253 517 565 186 275 166 615 32 561 755 610 10 795 421 830 446 799 763 757 660 738 161 862 740 122 427 802 462 853 847 215 282 366 669 132 104 28 82 257 870 205 754 777 672 814 826 702 81 666 838 258 272 432 784 642 654 537 593 183 631 774 591 433 429 415 49 480 230 891 210 515 873 854 408 194 441 876 127 116 179 564 163 569 44 89 188 388 278 600 657 447 379 907 722 479 50 592 497 83 708 843 860 40 915 797 546 310 365 504 195 580 216 729 522 495 688 586 317 71 329 713 38 487 733 671 732 726 351 22 899 633 26 297 160 416 100 156 293 338 437 54 648 80 262 68 477 45 686 263 87 222 357 337 138 279 833 879 197 214 400 450 828 90 627 629 335 645 568 35 581 900 142 244 892 114 378 555 472 59 452 902 661 877 658 525 207 314 643 630 910 528 79 613 539 29 641 164 710 364 535 9 185 267 405 621 488 674 635 287 594 573 240 646 501 245 115 283 499 418 382 294 750 226 191 367 212 72 369 355 719 31 33 268 203 468 301 703 653 837 529 137 269 7 809 453 392 233 298 691 922 770 6 394 680 889 489 872 632 55 312 483 482 143 5 277 249 18 794 125 97 670 377 724 439 273 806 803 69 823 95 0 42 86 810 747 463 444 542 552 311 20 505 136 603 695 498 548 248 496 24 906 276 667 683 423 319 759 362 220 606 8 321 359 775 406 551 466 173 225 128 348 284 527 681 769 905 544 178 679 231 261 869 372 92 206 158 34 376 818 309 919 912 111 119 109 598 193 425 241 170 819 412 766 347 536 234 524 821 720 531 238 343 917 664 328 850 64 829 177 345 167 822 914 707 576 765 625 200 37 816 831 316 557 519 587 584 813 875 698 385 605 410 175 516 371 871 864 106 478 435 221 15 767 865 556 668 579 690 305 155 801 422 67 318 743 676 716 344 475 687 731 597 659 861 101 326 265 727 751 619 693 349 91 414
35 2
25 0 1 12 13 0 0 0 31 23 28 0 0 0 6 0 5 7 20 0 0 0 0 3 27 0 0 15 19 2 4 0 10 14 11
113 3
0 0 0 0 0 0 0 0 0 0 0 0 0 0 0 0 0 0 0 0 0 0 0 0 0 0 0 0 0 0 0 0 0 0 0 0 0 0 0 0 0 0 0 0 0 0 0 0 0 0 0 0 0 0 0 0 0 0 0 0 0 0 0 0 0 0 0 0 0 0 0 0 0 0 0 0 0 0 0 0 0 0 0 0 0 0 0 0 0 0 0 0 0 0 0 0 0 0 0 0 0 0 0 0 0 0 0 0 0 0 0 0 0
24 4
0 22 18 24 8 0 13 11 16 21 19 9 20 0 0 0 2 1 15 6 5 3 23 4
60 3
24 8 13 31 21 45 6 22 36 52 2 5 58 59 11 35 56 14 48 3 38 1 18 30 27 55 60 57 7 33 54 28 12 49 16 37 4 19 17 25 50 26 43 34 32 10 23 9 40 39 20 44 29 41 47 46 15 42 0 51
