289420
0
0
1764
308473
0
24360
0
52746
866650
0
0
1
1
34800
1
0
1
774242
0
0
894973
268598
274688
0
1
185107
1
857077
0
157773
935584
0
143284
73486
579855
434159
988175
0
273012
1
1
487640
0
3
409444
524262
0
1
1
734773
1
0
50
0
843494
3
596936
353742
3
909353
533165
0
190762
667396
6
2
1
0
1
435290
1
0
515047
0
719925
0
956044
794135
0
15579
412090
771574
0
101912
41296
120
34829
0
674511
700002
85985
709108
984927
1
274
225
1
222923
50
0
1
0
2
1
720
0
0
54636
364269
0
487640
0
747881
757226
1
0
3
436073
836215
0
770588
1
0
0
719606
3
537109
11
0
0
0
628570
1
2
2
0
735
965352
1
779201
6
628570
867681
0
1
6
97556
45965
0
603461
2
147465
29029
177799
270077
3
3
3
852310
171738
867709
0
971906
42920
139954
393095
13068
414149
1
1
0
0
405594
1
225
0
762700
186992
473135
1
0
488476
2
566921
1
232261
1
274
846149
13068
0
732540
190646
0
0
185107
258796
85202
0
627067
913848
0
1
571068
0
6263
300237
1
2
627676
0
654820
612069
172434
958624
1
1
183309
3
776416
0
994729
750462
81780
1
492710
35
409828
0
225
154081
808014
628570
556545
350204
938788
0
998254
0
1
0
1
252967
274
234378
715865
987856
11
1
298120
0
2
0
863934
1
202237
221589
354293
673467
1
0
225
332543
679200
802545
366943
232946
0
1
1
208626
916926
52746
270396
586352
11
0
0
0
10
798051
3
34211
10672
273644
203725
0
50
792280
251343
177741
1
11
598647
772212
211236
1
1
863156
120
0
0
0
708325
1624
0
297366
1
280662
3
1
67284
864722
867709
0
230144
848598
24
60929
1
842102
723057
904568
24650
207466
274
225
313983
225
849413
1
5040
1
618570
135691
24
414149
316419
555074
326911
0
2
1
95434
0
0
0
757886
172693
35
2
0
1
555017
612712
35
0
877105
546969
584884
485402
3
878149
1
457968
0
1
1
74791
0
543338
0
1
1
1
478661
34626
1
0
0
758992
0
0
0
202237
1
2
302557
508196
0
321523
751999
35
1
177886
47328
0
742835
72616
720
551957
671930
472845
89175
911412
225
987281
303398
10
783290
87719
1
748142
6
605009
1
803300
517157
153004
708963
1
14181
118124
667290
1
0
85
1
1
971152
69506
716981
310416
1
0
288278
1
400954
1
847467
3
534992
0
1
930784
0
0
765542
2
719606
2
50
120
1
0
1
1
1764
941369
939020
0
54607
781294
702525
92876
271237
808636
1
294174
0
0
960277
261122
50403
750462
567936
844326
486620
237510
1
0
237501
1
0
1
0
10
521159
469307
3
330153
0
0
1
0
85
0
45559
39353
3
0
274
0
0
843494
223074
291624
50
941050
0
239772
622827
1
274
0
1
873711
0
35
726015
0
216485
1
3
205087
1
0
6
753130
0
83493
0
755158
311750
0
2
0
1
0
1
720
602514
548187
670654
0
249342
873711
768790
1
156484
0
463830
314771
1
0
669833
0
60407
916926
661664
1
145174
3
1
694521
0
0
848598
2
0
945080
3
63273
1
0
0
995415
846149
0
762497
1
1
140621
836563
463304
952882
1073
50
710471
1
146550
0
288556
0
26569
11
0
1
35
2
1
11
891402
0
1
0
1624
560106
274
545867
0
50054
1
543000
499206
225
4002
50
35689
207263
977068
426503
425777
0
478368
1
1
6683
118668
0
0
0
1
0
2
501816
370852
810753
125657
915675
282402
428549
551609
979794
67284
928899
11
162052
0
97701
705280
1764
500453
1
207408
13132
1
50
213139
0
0
518752
778128
0
0
586003
904626
193778
160805
0
10
164024
546998
937715
1
0
1
727700
208423
1
24
0
959842
190793
710732
0
0
1764
1
0
0
0
164836
6
705889
0
865795
50
67284
0
521159
337763
26569
6
2
560744
0
97097
6
934148
597052
409444
1
778242
705541
398344
376565
470317
882499
751216
1
17864
0
501700
77285
0
0
599836
619527
860198
0
202237
108025
45540
742980
1
89175
963555
190589
741559
312069
397701
876187
26569
1
3
943360
0
330949
11
0
10
1764
1594
0
197607
102863
287980
1
0
810956
35
1
166866
782884
40194
1
1
0
132066
508834
324713
546035
86855
1
590457
808014
6
118124
45269
124497
985789
0
35
908657
496789
3
1
1
604819
11
0
174928
896187
934148
35689
208972
800313
1
3
394603
1
0
539896
4990
433869
897033
301223
11
1
825920
849932
24244
0
1
519616
1
702525
907990
1
0
977706
961814
909295
2
283591
0
904451
0
314771
44907
726334
1
35458
2
54636
3
1
814958
6769
0
13068
0
3833
0
0
3
1764
586235
36308
616772
0
691012
11
826558
773923
0
146769
362880
50
987856
8236
603659
98281
74008
147929
0
257091
0
531744
1
0
595399
599140
368387
0
6
1
0
0
260507
0
0
1
6769
0
639334
612873
436073
201434
0
1
1764
916926
142593
872232
669045
983825
0
0
976643
662360
5040
895056
1
248401
345884
0
1
136735
85
0
0
3
1
0
466958
0
0
1
452458
5040
1764
0
225
413598
186731
85
563557
0
0
747301
835113
1
427104
33727
873421
0
1
705077
0
6
0
1
1
0
1
0
1
24
1
2
933445
0
1
1
880643
1
1
1
0
511067
1
274
1
191893
0
577970
833663
1
0
0
0
0
800018
2
154628
6
84042
6
965149
71978
0
789641
633215
1
0
0
10
379264
3
846616
240613
454838
1
0
0
343447
671147
