884326
759278
438915
232899
0
1
573707
11
0
1624
802372
3
820062
120
3
0
67284
393617
1
1073
190414
724565
245833
0
135459
1
0
0
239801
691070
466842
2
533194
0
964337
442366
0
670654
851933
121017
156629
326911
405652
0
1
1
829645
743913
0
1
684632
1
0
0
0
1
261122
152395
0
773488
0
807998
133719
190762
67284
120
61053
1
0
0
804500
98832
917676
721810
0
353626
409444
0
12296
60725
11
1
0
1
757567
274
753681
0
505093
0
1
4727
1
633215
342084
1
364008
0
414091
381002
759655
0
6
0
907787
1
1
513300
72703
64322
689217
124700
3
307371
1
0
514774
0
84421
6263
498250
1
622514
886819
303398
456721
11426
1
935337
782826
11
5040
1764
228463
697247
132412
435493
541604
24
1
3
1
6
598183
627676
0
6
450167
0
471685
34162
1
546035
1
11
0
1
10
0
1
1
755682
546035
99905
0
202101
970828
484213
0
633215
0
163676
742824
914655
646091
292610
902055
688605
1624
810956
52746
437436
781294
523363
40320
0
978431
653718
834127
0
148886
1
2
415106
4536
62524
789332
482241
0
435406
558221
129195
389528
74849
450283
1
1
187543
1
2
0
782304
3
608913
829645
225
66671
860198
1
0
783187
616289
0
1
172693
589773
943966
1960
11
11
681268
1
1
234378
416150
3
247660
0
315655
1
0
0
26569
0
1
245224
0
1
202391
280314
6
313200
225
85260
491618
11
1
1624
376797
85
1
151658
2
1
0
905577
1
1
3
527684
228143
660089
547433
497252
0
6
945545
1
674250
26569
518230
816408
1
621880
650325
2
24
61905
199200
208626
415802
219849
1
35
11
727312
628779
990466
11
574229
436566
6
599140
470612
529163
0
0
560889
478661
719859
873683
1
0
828704
0
243687
323090
1
0
1
246790
1
843494
0
952244
0
466407
0
1
0
490825
546035
897289
880295
1
447818
1
0
1
432165
1
0
586235
703308
24795
3
410038
1
584901
1
633273
208518
6
0
2
1
615293
573933
0
567530
1
718997
141201
89175
862692
226055
264944
19865
523363
959842
1
1
0
1
101144
719077
0
1
1
794252
429253
3712
1
1
1
0
217036
615670
1
61683
172693
181366
280865
244934
723680
108518
50
137547
433869
304529
0
0
0
588903
286995
4990
434405
211707
247892
1
1
496789
473976
302112
0
552479
1
74530
800018
1
1
720
735
1
1
1
1
789409
1
17718
1
402270
1
0
722158
338742
1
0
6
1
0
1
375028
50
928406
0
704004
639739
234697
1
872784
342084
333461
139026
0
829464
0
1
1
339442
225
0
311089
118124
1
284229
1
25259
815122
757226
835287
234958
0
909353
3
0
93106
0
207466
928348
141246
789583
10
164111
0
717228
0
35
162748
999195
871971
498432
71485
6583
937715
804779
940151
1
466958
257341
0
0
0
267844
455213
342635
629677
6
1
816229
0
706926
663404
1
0
968948
190501
548738
1
636608
752057
412090
0
0
820709
202237
263117
1
117334
0
0
0
860812
202217
13068
1
0
274
2
333275
0
0
0
292610
0
472758
287844
0
52746
685705
1
52746
0
884964
667116
0
0
0
326911
814523
0
40320
615264
402781
849413
0
951664
560484
890620
750224
182787
165271
627676
1
0
667396
808014
723680
129609
657430
104226
0
10933
450283
1
0
486823
574367
291875
203324
0
0
334979
546035
0
1
1
456634
50
0
189341
933445
1
93106
0
946154
496161
337665
907990
830009
995338
349714
666965
15689
291363
1764
120
911035
94917
761870
734280
33292
784276
2
250067
569665
499206
328628
1
1
359165
257341
0
3
1
307516
45965
813015
0
433115
587220
0
357106
754551
688054
0
1
351712
718625
996527
11
0
0
1
0
733091
610624
0
16603
479718
648382
470317
437726
67284
552711
1
1
6
836621
50
298439
1
0
0
1
313717
0
317608
477137
307516
0
1
11
2
688054
0
137923
720273
0
944385
759655
26569
908178
6
0
0
0
2
342606
1
457127
1
199027
59943
0
449118
0
202101
478661
0
866781
3712
311750
0
252967
0
1
0
1
218689
710732
370480
0
413308
670219
1764
1
92336
6
188807
251570
804500
43529
692959
0
75719
136294
466407
240729
0
1
63887
124758
0
878555
11
1
274
1
3
718997
968948
462811
1
702699
0
0
1
0
2
735
943862
240352
742157
6
757514
908744
0
148248
587220
3
1
35
839724
529888
6
1
994845
0
53873
257091
0
432478
496335
683762
0
16603
0
208423
0
0
763986
918952
3
724246
0
10
1
252392
0
1
0
283794
1
765716
211236
209699
175769
998963
6
6
1
0
1
75429
830722
0
362880
175798
250908
488584
0
1
67284
332362
109737
62886
0
1
6
643568
0
0
735
373897
24
0
1
26569
186992
1
0
628779
1
971181
6
411586
1
1
480653
761627
269325
414149
233827
1
0
1
13132
550564
1
0
73341
1
1
612069
1
1
142590
2
684255
546325
411309
315020
195054
195489
202826
314128
81983
707281
3
432165
6
0
1
1
0
756465
209699
735817
376565
1
610624
208046
0
1
6
567153
10
536529
0
518085
22449
1
0
319435
383641
6
0
120
6
274
1
1
835832
571764
2
1
1
822788
313258
0
319319
0
3
527887
2
307980
0
2
1
974777
664211
34626
473454
1
530884
0
163922
974632
128876
1
595539
566689
0
257341
1
895056
0
723680
636202
4091
0
370480
135459
302359
1
816408
1
10
0
539896
6
524262
373897
0
0
3
0
0
978576
0
1
550564
1
98252
292494
257341
224431
1
206248
212570
650760
35
3
294174
0
0
0
529917
509501
0
1
3
0
822319
118668
542856
1
807853
35
1
6467
246007
0
473116
169766
163009
133793
0
0
0
747301
762961
104314
1
676222
800018
1
0
654472
1624
864722
441586
0
11
291653
340635
1
0
273644
11
1764
822319
1
0
1
84506
0
1
3
0
6
995135
6
539599
13068
140138
478661
771777
0
330949
0
1
1
6
873277
274873
1624
1
1
1
2
0
1
247225
292610
1
940267
10
0
50
11
0
2
188964
225
149907
616907
128412
85173
172693
597139
356207
197607
50
2
847351
11
263146
563760
32654
1
628662
1
209486
0
457127
2
153729
50
120
0
1
0
281325
1
0
1
85
11
542445
474034
11
2
3
0
678552
332543
6769
11
196053
764330
6
1
157773
735
275819
456489
0
566921
11
67284
0
807998
926259
201344
223213
1
1
746315
204595
0
432478
1
474266
1
359252
819685
11
396836
1
132066
0
221270
979787
0
620426
195894
1
996353
0
220487
0
138645
530884
50
35
188471
410987
130558
0
1
274873
1
0
519216
0
1
759655
0
767949
789438
0
406382
877656
657430
134183
702699
62785
750637
64409
50
6769
188471
1
1
598879
11
484213
0
1
0
1
977218
0
190414
0
901667
67284
148886
0
869652
981621
378624
916926
329841
0
162052
0
886819
992670
380103
2
174793
365400
0
0
1
185455
247689
0
488476
0
519684
722239
2
6
927797
851817
929095
195628
0
753492
0
988581
262682
680630
852426
10
3
543489
622340
1
607405
175
10
118900
6
302359
1
927797
0
0
294557
1
3
270020
11
799791
1
657256
287844
0
3
1
769834
0
0
1
1
1
0
702439
35
328946
498250
459824
393617
2
610905
1
3
1
405449
474957
764353
187543
50
222546
162767
1
0
519564
0
256128
413598
0
32567
3
6
163009
1
968802
0
0
870899
392689
229377
172693
627067
16472
267844
3
109584
0
1
225
983245
1
0
1
0
0
487640
1
1
642390
1764
46487
790714
1
223074
620803
507413
1
118124
814233
862692
515047
0
319319
3
33466
41413
85
802604
0
257091
411309
558598
611668
828472
75777
1764
650238
369557
0
574490
896459
1
589889
1
287844
3
1764
965787
0
2
1
109584
735
809796
492188
564456
609783
342635
866781
0
2
602514
771197
994149
422095
900537
128702
711979
872668
0
150099
981621
1
146743
886819
466530
942732
558134
1
208972
179104
1
701046
1
895288
1
0
0
3
1
642390
1
1
716938
1
2639
580283
438915
307621
1
1
336893
1
346463
3
196053
0
1
1
0
992699
0
894763
299396
66207
562489
0
394789
942036
0
224721
987002
274
500047
0
706382
1
1
893722
0
177586
678136
1
798710
0
479012
2
0
0
1
172693
0
703308
628570
141405
1
0
0
345303
0
200680
560889
69506
501149
0
734773
3
24
0
1
329841
278429
3
0
581624
673734
0
555074
50
446193
0
0
523247
0
0
26569
1
811362
1
319464
1
995947
289420
0
543000
910948
221589
0
6
146769
345100
120
870899
994468
690896
994149
968368
386425
6
0
556545
1
771255
0
1
550942
76328
353742
1
0
0
161762
24
0
771487
979417
638174
0
1
1
402781
3
909527
631968
1764
0
482241
384811
1
0
815219
1
26694
930552
631649
2
202297
0
130355
118697
607244
0
98107
770588
0
1
447441
149466
250908
0
0
270396
817523
318565
488476
0
529163
1
0
0
1
0
11
19372
0
995415
409444
1
1
433839
833431
581450
2
1
1
616142
182207
688170
1
0
39425
1
595475
0
650156
0
0
3
0
274
1
704149
0
852426
0
10
357082
15
100456
68708
0
0
432796
112607
26477
633273
916926
301600
675410
606796
893722
0
11
1
0
848598
0
203
1
443207
1
158485
675033
461930
85
0
664129
929095
0
135198
883632
1
0
0
466958
101674
845147
1
565283
820497
519651
225
678281
264074
30827
24
284577
699306
51417
1
11
11
377725
0
2
0
2
377261
846191
0
634810
531744
577970
35
0
1
369557
1
0
1
0
120
68835
0
50
237423
193952
958682
1
0
0
840700
259173
543338
1
826877
1
0
1
1
555074
1
178205
397213
101094
0
0
161159
3
724598
286259
303398
0
301600
757886
73486
1
472265
13068
628570
67284
328048
305627
0
660841
120
232261
468118
460404
988552
0
830734
834475
0
607898
914317
642390
50
945458
293770
3
0
839434
0
901349
313489
1
137779
1
69704
0
6
50
785436
35
10
852194
45540
735643
50
0
163676
338169
117102
1
292494
445440
421225
321697
607405
723680
942877
0
3
640146
600590
163922
520347
835084
6769
210888
20445
111911
524262
0
627676
503934
774242
1
0
668919
1
435058
0
1
0
515047
251570
1
24998
1
11
0
35
1
846046
0
734082
0
444425
612422
11
171042
884587
0
0
0
914317
1
1764
3
0
894973
0
85
67284
997078
543000
5017
1
0
6
1
0
731525
997658
3
50402
13132
0
429084
807273
825920
322132
409132
607244
87719
1
0
34800
190793
456600
0
50
1
546035
594935
942877
692375
864664
861879
460811
595011
996527
805695
0
1
11
6
864693
0
316419
0
305104
1
535485
908744
678552
0
507413
678252
339444
1
0
1
1
392689
1
298612
0
891402
0
477485
717982
180003
0
174754
580348
1
1
1
903872
393814
84709
471221
6
995415
673467
1
0
3
0
735
306095
0
1
18520
338169
0
0
386512
0
0
787843
58981
276689
1
148654
1
801589
241048
968948
824644
1
0
420268
1
528409
1
541604
392689
591310
35
0
297771
1
0
60088
3
0
277994
15225
429519
0
296381
628662
6
955985
3
0
211097
515047
470728
0
35
991518
24476
0
714828
549606
10
0
2
876322
563557
0
1
1
1
921765
172693
301434
878932
1
849961
0
1
995415
1
474208
109475
0
783290
64293
2
1
290145
257091
723234
723680
735
1
619092
191516
2
333610
364733
734280
0
267351
467190
799443
0
534446
1960
435290
5040
651978
0
247858
172693
144913
225
0
1
675061
0
50
6
720
81235
1
1
0
456286
1
0
301716
392834
11
758176
450283
261951
495727
1764
1
124700
1
716909
0
202237
856565
3
865563
684690
1
0
894563
237708
1
381002
870145
669639
374970
870899
118124
79663
377928
10
708296
0
897724
0
642553
274
0
22449
653167
999195
11
0
0
0
174087
1
563412
547810
307980
85
513416
701046
866781
1
6769
0
0
246007
667396
1
312677
210082
0
955985
3
629416
598531
0
0
50
413598
263054
317608
809129
1
627850
6
649039
2
839144
0
686488
668450
541604
0
1
943109
168826
877250
427315
740022
723521
760428
0
1
1
1
6
1
0
673485
0
798051
0
1
348145
429499
419340
543338
115913
374970
11
11
239308
482125
429253
825920
1
812996
0
67284
787524
85
13132
758813
807041
454227
1
6769
743618
416099
201434
175
120
0
438915
202101
0
11
375115
315810
0
217076
0
147030
0
0
735
1
514866
1
1
639806
405739
160921
922548
923545
0
0
359861
160170
755875
1
816532
0
543000
6
3
40194
1
979417
1624
663119
220023
2
305104
22449
783783
24
0
2
0
147523
1
543000
1
1
90921
0
432478
543000
0
452023
643510
348899
114376
740167
0
1
1
0
857077
1
530381
0
0
118124
543000
85
11
11
3
828588
892823
11
1
237162
395792
382887
0
0
287830
316013
581566
78439
0
0
3
3
0
0
91379
345535
610619
688054
0
120
40455
802170
0
29551
914655
1
10
845113
0
340083
530884
581760
1
0
15747
392950
1
196053
399446
457127
1
1
826877
727030
1
174348
292349
85
1
86768
868927
1
660736
892185
0
0
766847
844451
1
0
52746
69506
46023
1
209851
0
1
753492
546035
1
2
641057
1
1
117102
35
13132
1624
0
0
0
30972
701660
736223
0
543000
40194
11
6
652819
518636
56695
742157
345884
17718
1
6
1
749679
103124
1
0
540125
262711
368387
1
0
0
276877
1
628779
1
2
513416
1
120
0
236495
1
0
250270
1
0
647715
504340
50
1
0
0
847467
1
899000
834788
901209
789641
0
66787
11
773662
1
168432
0
196823
209851
54984
6
1
13068
190762
318043
801619
1
648382
0
1
774938
120901
0
0
341591
759655
689217
412090
250837
1
762555
1624
3
369557
622340
0
1
600590
3
724942
857077
2
1
0
662679
109584
5040
0
620049
1624
1
1764
983144
99905
1
6
641057
0
767310
519245
1
999717
68708
1
1
0
131979
496973
977218
498250
0
1
0
342258
1
879251
1
720
1
800777
1
474411
11
1
0
0
389963
692899
704874
0
63336
35
50
6
126295
135691
0
684545
0
0
0
643510
242361
3799
43529
547810
936961
1
270020
132907
0
351712
0
12613
6
870606
942906
0
1
0
876187
0
532411
1
15
0
815122
75632
612712
172693
333958
758813
103248
3
0
0
1
842131
1
843146
11
1
28855
0
323234
40194
0
1
294227
641103
1
753492
0
1
246935
90567
196239
743913
225
1
29029
1
723985
253527
0
0
2
85
266596
581030
1
444048
896459
233566
210337
931828
175363
795876
661664
576433
746837
1
51417
370185
0
0
743884
0
13068
673485
241048
225
330513
607244
482763
460811
1
785465
50
172693
629416
657807
810956
225
11
3
35
815944
287361
298677
323553
670219
680195
195628
166866
1
932382
1
444710
456083
190793
425285
225
1
52746
0
652616
59392
0
0
735933
202159
120410
0
1
0
630605
1
1
1
893323
1
660504
2
580174
0
0
11
1
731032
344607
0
942152
0
0
228781
320827
915627
96338
168548
969412
635796
1624
132907
615293
1
876696
412962
0
0
0
239772
1
263929
3
180351
0
913660
211707
1
3
0
1
0
281039
163299
5040
1
225
599140
0
0
0
780564
907990
1
2
753492
978634
735
1
1
754
447441
638019
3
307893
0
1
43558
1
306058
262943
479718
191081
13068
148045
742139
967788
85985
1
0
0
35612
784682
0
346434
1
0
0
0
0
6
563557
118124
872668
0
2
660823
0
225069
6
911499
551609
1
1
0
847757
1
761377
366943
1
425562
1
916926
6
0
40320
1
6
50
372824
310155
2
798051
0
278081
344926
0
783696
1
128789
0
260739
756784
13068
0
3
1
22449
373404
3
335931
485344
821510
64218
887892
1
120
1
891141
0
1
4536
11
1
945516
2
546035
857497
135343
6263
0
11
627010
496654
1
1
474208
496789
543000
1
153004
466407
0
241164
77642
6
1
178682
807041
0
0
0
577529
0
6
0
48351
753492
942877
987856
994816
658706
0
0
696673
740022
979417
558772
606796
414381
830908
559961
586003
0
239772
3
1
1
723637
346927
936758
274
43558
735
1
631160
1
63104
1
0
0
911499
1
566956
977416
952737
0
2
0
384811
304419
843494
87580
487375
546035
0
0
448253
3
856076
378160
0
1
581914
1
2
0
1
867681
1
377928
2
397445
193575
11
0
1
109446
4263
511149
6
2
1
24
1
3
416909
518839
174319
2
1
799443
318810
872668
1
6
445619
186731
720
727030
977416
1
1
0
5040
1
11
195605
1
162923
257341
857077
166518
11
50
952455
1
379436
277994
67284
455909
5040
50
673734
740167
305627
1764
704004
0
3
593601
1
103182
495727
0
35
118124
269325
0
0
0
0
547317
1
870261
745183
130210
0
672988
908387
1
313461
850570
3
763628
271179
3
0
0
35
11
989915
1
1
0
0
323090
516422
824035
1
294174
743067
175
0
132762
267844
1
1
989770
103248
1
0
0
1
0
620948
0
0
1
581450
487375
313583
2
565283
0
6
12238
818061
457330
1
0
0
0
679905
0
974468
1
768471
1
841236
467107
6
1
1
244180
0
661809
938005
3
750723
695304
379610
131196
488296
962220
364269
367591
1
785465
6
0
2
0
6
252474
705628
865998
1
459679
0
174928
1
1
0
0
200680
50
622196
0
3654
157528
808014
161762
500302
269325
0
701046
1
2
756059
133793
585423
0
0
567762
760032
50
1
770714
1
994410
109475
57072
0
1
0
928899
581131
118124
0
99905
896459
1
615944
0
403390
531251
956398
0
0
3863
0
1
1
443902
1
210337
0
0
1
1
945636
1
338169
0
692462
997513
0
627676
874775
861682
896459
798051
196088
225
421078
0
708441
1764
1
11
827022
1
1
0
846149
515047
0
0
0
76212
205552
970427
1
839434
968484
0
24
1
84506
42398
2
1
0
1
120
341156
1
449118
538506
0
1
552015
0
1
574367
358643
771181
3
1
904653
876612
202884
0
1
1
3
1
1624
735
328946
560904
0
274
17718
735
24
2
10
983850
1
257341
510081
1
8497
376565
6
0
3
543000
2
305341
0
566921
132240
469307
6
0
857077
432227
1
5040
0
1
1
24
109584
0
102863
567936
1
274
723680
0
213139
124309
0
610905
0
283651
1
0
0
586235
50
466958
978576
195112
768297
0
830908
473656
1
1
0
0
0
375056
171042
364763
286259
297771
55535
596936
909353
809685
1
897521
338749
6
401853
0
172434
0
803648
980780
63273
888096
0
0
660301
1
742835
1
225
0
1
202237
270396
24
1
844480
0
0
0
462676
1
107822
498432
0
742077
0
594935
1
477601
0
373897
1
383921
73921
0
1
141201
798710
425777
958682
907410
664042
896459
671147
6
0
138069
578231
1
1
2
1
0
917850
80776
38714
750462
285215
628570
35
328946
0
568893
997223
0
14674
983506
868185
888705
1
6
1
1
487640
916926
24
0
990727
1
868593
50
305627
753492
807744
368387
319319
359513
808014
898391
940586
744807
187746
700118
11
50
0
0
583886
680461
1
564514
1
3
6
1
857077
533339
619875
735
4536
0
1
6
263117
1
764063
2
147030
0
118501
40320
779542
462676
617149
40455
1
759858
416099
296438
1
82302
722564
1
50634
820497
0
216485
530884
1
1
1
50
857077
0
0
40289
1
332166
438915
30030
0
0
372936
19575
2
453705
1
701974
109584
2
552375
0
0
0
0
1
3
294174
713198
319145
1
11
0
409828
57029
397184
1
0
0
473656
580754
0
0
259173
0
1
1
1
0
350204
270433
769979
8497
1
1
59392
1
1
0
1
634694
1
446193
0
414497
574490
1
117102
26569
1
1
617613
492333
656937
814871
341591
0
0
24
0
1
0
235069
1
1
0
0
258759
828588
257974
1
35689
382597
84245
375714
209728
369315
0
11
0
1
0
828704
1
605839
843114
397184
366943
958740
283098
649194
844538
1
0
495581
880179
574050
1
0
274
359339
663114
1
11
610885
274
986087
1
491927
0
22449
270454
907845
0
50
315062
965149
82302
0
1
0
245688
929095
1
773662
927797
71978
1
0
0
6
147784
1
24
0
269381
0
831545
32915
85
331412
1
3
423515
542619
172693
65011
202391
0
93106
994468
663119
0
0
145639
0
50402
634057
675758
415164
829023
1
903049
153758
269325
1
920866
404144
286995
551609
610905
17718
81780
11
41875
3
1
880498
1
56695
861561
26569
510197
327265
492304
710732
1
146529
1
1764
1
567936
1
1764
0
290203
0
202101
40320
174754
370185
0
0
393105
178872
714937
0
1764
2
501787
141405
89707
896459
0
589855
262369
274
274
2
11
301377
37497
0
209486
332166
802545
432478
552711
886675
35
0
1
1
197607
1
990727
13068
804779
534283
0
930784
0
0
3
238119
359861
0
24
414758
6
56182
152395
195605
331122
3
50
80011
0
0
130210
0
204189
710660
247892
773778
1
411945
0
1
188442
0
0
24
751448
342374
1
38714
1
185107
0
373433
0
969193
1
97556
101094
562078
397967
408059
995425
1624
1
1
7134
208046
0
3
145639
564514
115420
364763
11
0
82244
798051
24
1
1
0
67284
1
0
475194
663119
24
1
5568
3
1
133308
0
973675
533942
174754
0
120
282489
938972
471453
0
236524
416324
2
2
358034
0
1
777693
11
3
882499
916926
0
942152
759365
413598
280865
258970
81983
714828
1
147030
274
2
24795
494542
886936
11
37497
172550
981250
120
1
63824
706926
942877
599691
1
195628
299777
694443
52746
820497
784682
0
6
849149
0
274
315810
303166
11
77872
1624
81983
0
348052
1
237137
171216
6
2
0
1
0
1
1
3
454865
0
0
50
234349
142535
550492
1
987334
0
0
97097
949924
901204
556336
99905
0
293161
6
1
5040
0
7627
624415
1624
11
1
3
0
6
1
278402
24
0
1
61683
1
709108
347536
50
505093
706469
0
683907
3
1
371668
500337
270020
201405
0
663114
0
1
234610
172693
1
1
0
0
0
995425
13833
296438
0
692409
0
207408
959146
753492
11
0
598560
18520
0
0
269325
4727
434159
621557
1
0
202940
281711
578231
1624
26569
1
204189
0
2
92876
1
655825
0
990727
284026
6
234122
929218
611088
3
753492
397213
337096
811014
1
634057
981250
454302
760148
1
0
706469
237510
406382
384351
497843
3
1
817741
507268
50
0
1
288811
358063
159210
0
50
0
0
165271
1
369750
702406
0
1
753014
1
35
783187
1
6
172693
680630
1
230144
118124
785465
1
916926
981651
0
0
713254
881136
557902
76096
582889
0
15
1
4990
935796
225
1
347536
310416
3
211816
189370
739907
1
2
161037
0
1
0
112375
0
0
1624
0
1
6
0
0
160573
0
512227
3
268540
1
1
836795
1
6
0
0
1
641654
656937
508834
1
6769
10
0
824035
754522
88595
630170
78439
0
0
274
2
5040
0
814233
50
653109
443758
0
195894
35
0
479863
56054
896039
284026
1
274
0
0
52746
0
1
0
0
752057
771052
459041
3
0
10
0
930349
0
410112
496789
0
872668
3
11
0
986957
483923
855967
0
0
0
735
0
3
398042
0
0
488584
79924
605549
11
327120
829052
0
1
0
649020
0
26569
0
35
149988
3
444710
185107
468118
0
801792
660823
811130
0
3
50
1
630605
0
11
691679
0
3
1
0
716981
1
0
761569
769834
622514
426909
0
346492
843494
0
13132
1
0
546969
274
444251
696673
288318
567936
0
751448
844480
418905
50
531744
1
352060
902683
293335
1
538704
179272
6
81235
731032
238999
0
8872
1
980898
756465
722158
221270
0
0
109584
451356
262711
0
201869
90921
362880
142274
335027
1
778242
132704
239598
443758
299512
135459
980780
0
2
0
1
109737
124309
806113
1
1
237137
0
0
11
2
879251
0
328744
558221
462173
586351
1
343331
35
151902
0
59769
951142
900160
2
0
955753
1
471540
439524
877975
53534
199027
996122
151815
3
270020
418934
225127
225
800074
1
1
185629
722239
0
613247
401650
3
1
169853
155991
85608
0
771632
225
186992
151612
0
1
6
767310
242759
756219
783290
0
0
766992
0
1
1
233827
999491
934235
153758
673485
0
546035
172347
556545
2
370644
0
1
758658
120
2
0
50
1624
6
2
211236
0
975792
735
0
779542
0
614365
287013
274891
0
969470
3
0
0
0
409444
402460
661664
0
0
1
0
299917
510835
1
1
530884
661577
1
216688
1
0
6
868231
251343
1
428243
560541
3
829412
1
0
0
798051
11
335931
244488
0
0
158862
531744
11
5040
146743
0
1
997136
6
445619
188442
631388
1
3
591832
11114
1
778708
0
1
762046
257974
517128
0
1
31581
783187
619092
1
3
0
1
1
1
0
1764
270454
0
120
577158
89320
1
0
0
0
247858
0
0
726102
996904
0
794339
2
1
235074
982351
1
4990
566956
368968
174928
40289
0
335791
518288
0
1
1
496789
179104
331122
1
1
1
1
0
600387
783187
228781
0
1
0
678552
1
50
200100
2
79344
3
6
641770
916926
307621
0
67284
1
284229
213469
494218
0
0
0
0
160921
11
3
1
0
0
571764
0
884384
28420
1
43007
998254
1
0
301600
253344
3
24
0
120
236640
47147
0
0
146550
318159
322
0
50
526930
853325
14674
36308
274
753681
175363
1
1
717431
762555
24
1
560904
0
0
1
178682
0
1
2
614394
0
1
85
84421
22449
867506
71398
751390
24
6
83781
342693
3
1764
1
1
0
57159
826616
1
1
808014
11
0
0
0
559961
1
857356
680961
663114
11
1
916926
714828
0
0
24
40320
714564
35
843494
672627
0
0
922693
0
357889
84709
898391
1
0
1
1764
1
1
1
802545
35
1
10
0
2
683617
776504
1
1
118668
35
927826
1
3
304790
173101
5040
1
1
2
457301
577970
895288
1
720
1
190414
2
1
234349
335791
1
1
273644
739907
0
830096
497843
492913
0
560715
203551
741651
580928
760873
322
1
579855
715633
236785
1
739297
845113
337415
692665
0
67284
492826
960277
0
0
680961
0
0
1
240613
1
0
257341
1
1
0
350204
2
50
210777
738598
847077
3
3
460076
1
789380
882499
852310
6
146743
546035
959842
2
1
2
1
3
0
552711
0
1
507268
783187
1
0
85
0
1
3
0
13132
624109
0
1
1
723680
620194
546035
917850
1
274
0
590031
67367
708064
0
0
462115
0
522377
1
462173
225
3
412090
1
1
799443
11
1960
622572
0
336893
291363
202237
252967
11
426503
835548
704526
356526
1
0
763976
1
1
884326
225
963555
202159
1
750224
492797
0
1
214791
545171
4990
120
225736
1
358063
720157
1
942384
244586
239308
24911
0
0
609696
1
403185
0
7627
1
0
631074
429403
0
766083
64287
0
274
2
663119
0
0
1
656792
115826
699857
1
955985
200680
61567
436073
233363
3
590991
846568
408900
673467
904451
504658
1
1
612422
283533
1
449268
3
1
6
6
35
543000
0
1
672627
676681
167533
527452
1
0
735
43007
482125
1
506949
0
1
817741
24
270020
0
0
0
0
1624
0
0
206248
999717
3
1
1
444425
929943
288318
22449
1
1
809129
1
172693
185107
6
751999
0
2
962945
569154
0
0
450671
709108
754957
502976
1
0
412962
310184
245398
0
1
111432
1
0
890818
0
1
281325
10
1
0
1624
501700
1
751932
149466
497611
507413
564456
3
1
67284
292494
11
0
864983
306907
0
834788
891141
390195
6
50
1
614307
1
1
225
26569
305341
1
124309
708122
0
564659
50
376565
261261
0
824963
1
908657
0
738427
426503
0
447441
0
35
704526
942761
1
454302
92458
65511
172693
0
1
1
663119
82302
131602
1
1
3
761870
756784
0
1
1
284026
0
860923
474208
0
0
747823
347981
732656
688605
1
11
1
307019
964651
50
67425
1
706469
546035
0
347536
6
0
759365
1
0
2
1
1
0
484213
5040
1
19865
426039
720385
238293
608913
432478
0
6
599952
968802
51417
11
1
1
1
10
1
0
82302
444710
914317
0
0
606187
445619
734082
1
627676
960277
615351
730220
780709
13068
1
