109584
1
2
1
22449
67284
225
67284
13068
362880
24
85
1764
175
120
1
362880
6769
1
362880
50
13068
2
50
5040
11
1
1
1960
1
1
274
1764
1
4536
118124
1
35
1624
50
35
26569
11
723680
1
26569
269325
6
1
85
6
274
6769
735
10
120
1764
362880
735
10
5040
2
175
720
13132
720
1
1
5040
50
1764
723680
1
1
1
50
1
1
1
720
1
1
1
3
1
40320
5040
1
172693
723680
723680
1
35
1
362880
274
175
1
24
1764
274
274
6769
172693
225
720
13068
1
13068
26569
10
1
1
1
6769
1
2
5040
1
26569
6769
1
26569
5040
1
1
1624
3
1
1
2
1
274
67284
1
720
1
5040
274
2
1764
85
720
1764
1
13132
5040
13068
11
1
1624
1
723680
225
1
720
40320
225
21
6769
1764
3
720
6
735
1
1
1
13068
6
1
26569
3
6769
120
1
2
120
26569
1
11
5040
735
67284
118124
720
1
11
1764
67284
274
2
735
274
274
735
13132
118124
26569
13132
1
1
11
172693
50
35
1
735
1
118124
6
1624
1
11
172693
1
40320
120
5040
225
6
3
274
274
24
1764
1
172693
1624
274
24
1
225
1
1
6
2
50
50
6
1
26569
26569
1624
50
175
13068
723680
1624
2
723680
1
6
4536
120
109584
172693
1764
35
13068
1
1
1
67284
362880
35
118124
67284
120
175
720
172693
67284
1
40320
1
5040
1
6
1
5040
1
6
723680
1624
362880
225
1764
269325
6
13132
362880
22449
1
2
24
35
118124
225
10
1
1
35
1764
118124
26569
2
2
274
109584
1
225
6769
172693
6769
1
11
723680
3
50
1
362880
109584
22449
1
67284
67284
6
11
269325
6
1624
1
1
6
1
35
1
269325
67284
5040
85
1
274
1
2
6
1
1
1
274
40320
26569
1
24
85
1764
735
85
269325
2
1
1
172693
11
735
3
172693
6
50
3
2
109584
274
1
67284
11
11
13132
269325
1764
11
735
3
50
1
109584
50
1
720
1
2
10
1
274
1764
1
118124
1
1
1
2
118124
720
735
13132
26569
2
11
6
1
1624
15
67284
3
362880
1
24
13132
11
10
24
735
6
1
1
2
6
6
11
1
67284
13132
1
274
1
723680
35
3
1
11
6
1
120
1
120
5040
362880
1764
5040
2
269325
2
175
1
1
109584
1
362880
1624
35
274
1
24
6
120
6769
1
172693
1
1
6
1
2
1
13068
6
1624
172693
120
1
2
22449
1
6769
35
2
1
118124
11
6769
1960
1764
35
1
1
1
1
50
723680
11
362880
172693
6
11
1624
50
2
274
1624
1
5040
1764
118124
13068
1
274
3
50
1
2
6
1
13132
6769
85
24
2
1
67284
1
10
13132
225
362880
109584
50
50
26569
1
1960
6
10
21
11
11
10
6
1
269325
10
1
1
225
1
1
1
15
6
67284
11
225
50
1
1764
274
1
26569
1
5040
13132
1624
109584
720
24
67284
1
723680
2
1
1
1
26569
118124
720
13132
13068
1764
13068
274
720
11
1764
40320
1
50
1960
723680
720
13068
3
11
1
1
13132
225
1
274
1
5040
85
1
1
35
1
1624
109584
24
24
63273
1
6
67284
35
6769
720
6
1
15
1
1
6769
11
1
1624
1
1
24
6769
1
6769
109584
22449
4536
6
1
720
723680
1
22449
50
1
1960
1
10
1
10
1
13068
11
13132
269325
1
6
5040
6
1
3
274
274
225
1960
225
13132
50
362880
172693
1764
1
1
1
1
1
720
26569
274
67284
120
735
11
6769
225
6
2
35
1
63273
1
6
1
13132
2
10
21
362880
735
723680
1
2
1
120
1
1624
269325
6
1
24
269325
1
1
1624
9450
1764
720
26569
13068
1
2
1
1
50
50
1
24
13132
1
11
24
6
1
15
1
3
22449
1
13068
274
3
1
225
1
735
6
35
1764
13068
6769
1
735
720
6
120
13132
1
26569
26569
13068
118124
1
35
1624
175
85
1764
1764
26569
269325
6769
85
274
1960
3
735
3
13132
1
118124
1
24
35
109584
2
5040
1
6
13068
13132
1
1
3
26569
6769
118124
1
35
13068
1
85
1
109584
5040
5040
85
26569
1624
172693
13132
1
35
120
10
269325
1
1
35
13068
1
120
6
11
1
1624
225
120
735
720
6
1
269325
13132
172693
109584
40320
11
735
1
5040
1
11
720
67284
1
40320
85
6
6
35
1
5040
109584
35
1
11
274
3
269325
2
1
1764
1
2
11
172693
63273
35
225
24
50
1624
6
6769
735
10
1764
5040
13068
50
11
1624
720
546
1624
1960
362880
1
26569
26569
1624
1
1
11
26569
1624
6769
1
362880
26569
120
723680
2
1
172693
11
24
322
1624
1
1624
40320
1
50
3
1624
1
50
35
1624
35
1764
1
1624
2
40320
118124
2
6
11
3
1
1
1
1
118124
225
1
1
720
1
5040
5040
67284
1
67284
225
1
67284
720
1624
24
172693
1
3
13132
1
24
735
5040
67284
1960
24
1
1
13068
6769
1
1
13068
15
13132
1624
225
1
67284
63273
2
1
1
1624
26569
24
1
735
11
1
85
2
26569
1
3
1
